Index,Process,Time,Temp,Current,Date
1,1,오후 4:23:34.0,76.20403500015834,1.505,2021-09-16
2,1,오후 4:23:39.0,75.87178422074807,1.466,2021-09-16
3,1,오후 4:23:44.0,76.49957940787253,1.726,2021-09-16
4,1,오후 4:23:49.0,77.86391347156295,1.718,2021-09-16
5,1,오후 4:23:54.0,75.9081485396546,1.732,2021-09-16
6,1,오후 4:23:59.0,74.66209655792429,1.763,2021-09-16
7,1,오후 4:24:04.0,73.08489761472396,1.719,2021-09-16
8,1,오후 4:24:09.0,72.47081535284565,1.69,2021-09-16
9,1,오후 4:24:14.0,73.84317473479867,1.655,2021-09-16
10,1,오후 4:24:19.0,73.18546553761685,1.64,2021-09-16
11,1,오후 4:24:24.0,75.55671042933152,1.672,2021-09-16
12,1,오후 4:24:29.0,72.93957562396797,1.657,2021-09-16
13,1,오후 4:24:34.0,69.08489761472396,1.711,2021-09-16
14,1,오후 4:24:39.0,69.47081535284565,1.652,2021-09-16
15,1,오후 4:24:44.0,69.84317473479867,1.564,2021-09-16
16,1,오후 4:24:49.0,73.18546553761685,1.572,2021-09-16
17,1,오후 4:24:54.0,70.55671042933152,1.581,2021-09-16
18,1,오후 4:24:59.0,73.93957562396797,1.657,2021-09-16
19,1,오후 4:25:04.0,68.00784572726687,1.598,2021-09-16
20,1,오후 4:25:09.1,69.11937724252256,1.674,2021-09-16
21,1,오후 4:25:14.1,68.12181233844662,1.539,2021-09-16
22,1,오후 4:25:19.1,68.06197573575812,1.565,2021-09-16
23,1,오후 4:25:24.1,68.0864964282445,1.542,2021-09-16
24,1,오후 4:25:29.1,70.25677527359753,1.54,2021-09-16
25,1,오후 4:25:34.1,67.08489761472396,1.541,2021-09-16
26,1,오후 4:25:39.1,66.47081535284565,1.59,2021-09-16
27,1,오후 4:25:44.1,69.84317473479867,1.518,2021-09-16
28,1,오후 4:25:49.1,70.18546553761685,1.504,2021-09-16
29,1,오후 4:25:54.1,70.55671042933152,1.581,2021-09-16
30,1,오후 4:25:59.1,67.93957562396797,1.589,2021-09-16
31,1,오후 4:26:04.1,67.08489761472396,1.597,2021-09-16
32,1,오후 4:26:09.1,67.47081535284565,1.538,2021-09-16
33,1,오후 4:26:14.1,64.84317473479867,1.518,2021-09-16
34,1,오후 4:26:19.1,67.18546553761685,1.527,2021-09-16
35,1,오후 4:26:24.1,67.55671042933152,1.468,2021-09-16
36,1,오후 4:26:29.1,68.93957562396797,1.52,2021-09-16
37,2,오후 4:26:56.4,124.12492554020719,1.0000330356593798,2021-09-16
38,2,오후 4:27:01.4,124.04219934483191,1.0083482778712156,2021-09-16
39,2,오후 4:27:06.4,126.7390136013018,1.247890651780079,2021-09-16
40,2,오후 4:27:11.4,123.63713253352978,1.129870530716711,2021-09-16
41,2,오후 4:27:16.4,128.6498880251015,1.2037661859564603,2021-09-16
42,2,오후 4:27:21.4,123.2421892285468,1.2670710462139172,2021-09-16
43,2,오후 4:27:26.4,120.93199111427606,1.1768705307167107,2021-09-16
44,2,오후 4:27:31.4,123.37714418296049,1.3039603427385897,2021-09-16
45,2,오후 4:27:36.4,118.1542013547226,1.1148705307167108,2021-09-16
46,2,오후 4:27:41.4,124.02915965238202,1.1760710462139172,2021-09-16
47,2,오후 4:27:46.4,127.1270028538234,1.1130330356593798,2021-09-16
48,2,오후 4:27:51.4,129.88370189253305,1.2450710462139172,2021-09-16
49,2,오후 4:27:56.4,109.42779810488338,1.194890651780079,2021-09-16
50,2,오후 4:28:01.4,118.55241970149945,1.1110321646757066,2021-09-16
51,2,오후 4:28:06.4,120.11210063878379,1.0100321646757067,2021-09-16
52,2,오후 4:28:11.5,117.05551954915653,1.0020321646757067,2021-09-16
53,2,오후 4:28:16.5,117.1903331162921,1.0903482778712155,2021-09-16
54,2,오후 4:28:21.5,115.0979403354305,1.1760710462139172,2021-09-16
55,2,오후 4:28:26.5,116.74419772430419,1.0231433163027153,2021-09-16
56,2,오후 4:28:31.5,117.16992559304218,0.9980321646757065,2021-09-16
57,2,오후 4:28:36.5,113.95234049730634,1.0100330356593799,2021-09-16
58,2,오후 4:28:41.5,110.92213846429254,0.9400321646757065,2021-09-16
59,2,오후 4:28:46.5,122.27357081544312,1.01303303565938,2021-09-16
60,2,오후 4:28:51.5,116.12877539880782,0.9390321646757064,2021-09-16
61,2,오후 4:28:56.5,112.79817263868163,1.0573482778712155,2021-09-16
62,2,오후 4:29:01.5,113.1575222082601,1.1620710462139172,2021-09-16
63,2,오후 4:29:06.5,115.71115999836212,0.9758705307167107,2021-09-16
64,2,오후 4:29:11.5,117.04910493078165,1.0203482778712156,2021-09-16
65,2,오후 4:29:16.5,105.35933627327663,1.1719603427385896,2021-09-16
66,2,오후 4:29:21.5,116.62700332779076,0.9381433163027153,2021-09-16
67,2,오후 4:29:26.5,111.6529138706514,0.9868705307167108,2021-09-16
68,2,오후 4:29:31.5,106.44121287697389,1.0870710462139173,2021-09-16
69,2,오후 4:29:36.6,108.43141365991471,0.9437661859564604,2021-09-16
70,2,오후 4:29:41.6,114.56850505670197,0.8731433163027154,2021-09-16
71,2,오후 4:29:46.6,117.04231010752478,0.9011433163027154,2021-09-16
72,2,오후 4:29:51.6,114.10856336661175,0.9817661859564605,2021-09-16
73,3,오후 4:30:17.2,125.55272699507982,0.9380321646757065,2021-09-16
74,3,오후 4:30:22.2,125.34875685713212,0.9020321646757065,2021-09-16
75,3,오후 4:30:27.2,129.10071980937,1.1043482778712153,2021-09-16
76,3,오후 4:30:32.3,126.37664650559826,1.1488705307167106,2021-09-16
77,3,오후 4:30:37.3,130.5137390392783,1.3389603427385897,2021-09-16
78,3,오후 4:30:42.3,127.5904977955849,1.2788906517800789,2021-09-16
79,3,오후 4:30:47.3,112.31834573254594,1.239890651780079,2021-09-16
80,3,오후 4:30:52.3,112.91143190149941,1.3349603427385897,2021-09-16
81,3,오후 4:30:57.3,125.04466070296061,1.176890651780079,2021-09-16
82,3,오후 4:31:02.3,124.09545692786347,1.1113482778712154,2021-09-16
83,3,오후 4:31:07.3,121.37091906965226,1.1217661859564605,2021-09-16
84,3,오후 4:31:12.3,113.63183214718563,1.201890651780079,2021-09-16
85,3,오후 4:31:17.3,109.32806966803142,1.1920710462139172,2021-09-16
86,3,오후 4:31:22.3,108.59236177631811,1.2230710462139172,2021-09-16
87,3,오후 4:31:27.3,117.56656574849742,1.0827661859564603,2021-09-16
88,3,오후 4:31:32.3,108.47865704596066,1.1899603427385896,2021-09-16
89,3,오후 4:31:37.3,108.92536388048316,1.2249603427385896,2021-09-16
90,3,오후 4:31:42.3,113.74549389915543,0.9931433163027155,2021-09-16
91,3,오후 4:31:47.3,115.72812977352349,1.1949603427385898,2021-09-16
92,3,오후 4:31:52.3,107.87453592318565,1.1467661859564604,2021-09-16
93,3,오후 4:31:57.3,112.8530068419976,1.0060321646757067,2021-09-16
94,3,오후 4:32:02.3,111.31470582514925,0.9870321646757064,2021-09-16
95,3,오후 4:32:07.3,116.46167906230741,1.0028705307167107,2021-09-16
96,3,오후 4:32:12.3,105.7579496118914,1.068890651780079,2021-09-16
97,3,오후 4:32:17.3,110.90007040733053,1.0538705307167109,2021-09-16
98,3,오후 4:32:22.3,103.6905108030274,1.1489603427385897,2021-09-16
99,3,오후 4:32:27.4,105.79958039965015,1.0120330356593799,2021-09-16
100,3,오후 4:32:32.4,115.73159103927246,0.9987661859564604,2021-09-16
101,3,오후 4:32:37.4,113.00705318106125,0.9531433163027154,2021-09-16
102,3,오후 4:32:42.4,113.98210539192222,1.0143482778712154,2021-09-16
103,3,오후 4:32:47.4,107.75689031499375,1.050890651780079,2021-09-16
104,3,오후 4:32:52.4,115.78199700181929,1.104890651780079,2021-09-16
105,3,오후 4:32:57.4,110.78031809005712,1.0210710462139172,2021-09-16
106,3,오후 4:33:02.4,105.50893007290551,0.9210321646757064,2021-09-16
107,3,오후 4:33:07.4,110.83538469233875,0.981890651780079,2021-09-16
108,3,오후 4:33:12.4,114.5389455119068,0.9868906517800791,2021-09-16
109,4,오후 4:33:39.8,74.01093857044455,1.54,2021-09-16
110,4,오후 4:33:44.8,73.19333628680197,1.55,2021-09-16
111,4,오후 4:33:49.8,75.28386418628695,1.676,2021-09-16
112,4,오후 4:33:54.8,76.3394548018018,1.658,2021-09-16
113,4,오후 4:33:59.8,73.49933688835523,1.705,2021-09-16
114,4,오후 4:34:04.8,75.81608582210924,1.729,2021-09-16
115,4,오후 4:34:09.8,73.08489761472396,1.664,2021-09-16
116,4,오후 4:34:14.8,74.47081535284565,1.717,2021-09-16
117,4,오후 4:34:19.9,72.84317473479867,1.655,2021-09-16
118,4,오후 4:34:24.9,72.18546553761685,1.687,2021-09-16
119,4,오후 4:34:29.9,74.55671042933152,1.649,2021-09-16
120,4,오후 4:34:34.9,75.93957562396797,1.634,2021-09-16
121,4,오후 4:34:39.9,71.20403500015834,1.688,2021-09-16
122,4,오후 4:34:44.9,70.87178422074807,1.72,2021-09-16
123,4,오후 4:34:49.9,80.07473375918919,1.7804306159298418,2021-09-16
124,4,오후 4:34:54.9,71.86391347156295,1.605,2021-09-16
125,4,오후 4:34:59.9,70.9081485396546,1.642,2021-09-16
126,4,오후 4:35:04.9,73.66209655792429,1.627,2021-09-16
127,4,오후 4:35:09.9,68.13914228339809,1.605,2021-09-16
128,4,오후 4:35:14.9,68.66042141558682,1.668,2021-09-16
129,4,오후 4:35:19.9,71.1776601448583,1.542,2021-09-16
130,4,오후 4:35:24.9,71.58643440551927,1.554,2021-09-16
131,4,오후 4:35:29.9,71.87710395778115,1.611,2021-09-16
132,4,오후 4:35:34.9,73.01353466824737,1.62,2021-09-16
133,4,오후 4:35:39.9,69.13914228339809,1.628,2021-09-16
134,4,오후 4:35:44.9,66.66042141558682,1.653,2021-09-16
135,4,오후 4:35:50.0,69.1776601448583,1.565,2021-09-16
136,4,오후 4:35:55.0,70.58643440551927,1.509,2021-09-16
137,4,오후 4:36:00.0,67.87710395778115,1.566,2021-09-16
138,4,오후 4:36:05.0,71.01353466824737,1.598,2021-09-16
139,4,오후 4:36:10.0,66.13914228339809,1.537,2021-09-16
140,4,오후 4:36:15.0,65.66042141558682,1.607,2021-09-16
141,4,오후 4:36:20.0,67.1776601448583,1.497,2021-09-16
142,4,오후 4:36:25.0,65.58643440551927,1.486,2021-09-16
143,4,오후 4:36:30.0,67.87710395778115,1.521,2021-09-16
144,4,오후 4:36:35.0,68.01353466824737,1.484,2021-09-16
145,5,오후 4:37:00.8,75.01093857044455,1.536,2021-09-16
146,5,오후 4:37:05.8,73.19333628680197,1.539,2021-09-16
147,5,오후 4:37:10.8,73.28386418628695,1.698,2021-09-16
148,5,오후 4:37:15.8,76.3394548018018,1.657,2021-09-16
149,5,오후 4:37:20.8,76.49933688835523,1.659,2021-09-16
150,5,오후 4:37:25.8,73.81608582210924,1.729,2021-09-16
151,5,오후 4:37:30.8,71.04198315231801,1.732,2021-09-16
152,5,오후 4:37:35.8,73.31247367223635,1.671,2021-09-16
153,5,오후 4:37:40.8,73.53366359223965,1.609,2021-09-16
154,5,오후 4:37:45.8,74.74042366970423,1.66,2021-09-16
155,5,오후 4:37:50.8,75.04518510357609,1.665,2021-09-16
156,5,오후 4:37:55.8,74.47249049518311,1.692,2021-09-16
157,5,오후 4:38:00.8,71.04198315231801,1.699,2021-09-16
158,5,오후 4:38:05.9,70.31247367223635,1.686,2021-09-16
159,5,오후 4:38:10.9,72.53366359223965,1.608,2021-09-16
160,5,오후 4:38:15.9,70.74042366970423,1.592,2021-09-16
161,5,오후 4:38:20.9,70.04518510357609,1.643,2021-09-16
162,5,오후 4:38:25.9,70.47249049518311,1.601,2021-09-16
163,5,오후 4:38:30.9,68.04198315231801,1.586,2021-09-16
164,5,오후 4:38:35.9,70.31247367223635,1.595,2021-09-16
165,5,오후 4:38:40.9,70.53366359223965,1.54,2021-09-16
166,5,오후 4:38:45.9,71.74042366970423,1.591,2021-09-16
167,5,오후 4:38:50.9,78.27577646555605,1.7351113032158496,2021-09-16
168,5,오후 4:38:55.9,71.47249049518311,1.624,2021-09-16
169,5,오후 4:39:00.9,69.08489761472396,1.631,2021-09-16
170,5,오후 4:39:05.9,68.47081535284565,1.618,2021-09-16
171,5,오후 4:39:10.9,66.84317473479867,1.564,2021-09-16
172,5,오후 4:39:15.9,67.18546553761685,1.55,2021-09-16
173,5,오후 4:39:20.9,68.55671042933152,1.512,2021-09-16
174,5,오후 4:39:25.9,69.93957562396797,1.521,2021-09-16
175,5,오후 4:39:30.9,67.04198315231801,1.552,2021-09-16
176,5,오후 4:39:35.9,67.31247367223635,1.583,2021-09-16
177,5,오후 4:39:40.9,67.53366359223965,1.517,2021-09-16
178,5,오후 4:39:45.9,64.74042366970423,1.523,2021-09-16
179,5,오후 4:39:50.9,67.04518510357609,1.528,2021-09-16
180,5,오후 4:39:56.0,68.47249049518311,1.465,2021-09-16
181,6,오후 4:40:22.4,73.04198315231801,1.517,2021-09-16
182,6,오후 4:40:27.4,76.31247367223635,1.549,2021-09-16
183,6,오후 4:40:32.4,75.53366359223965,1.653,2021-09-16
184,6,오후 4:40:37.4,73.74042366970423,1.729,2021-09-16
185,6,오후 4:40:42.4,76.04518510357609,1.71,2021-09-16
186,6,오후 4:40:47.4,77.47249049518311,1.67,2021-09-16
187,6,오후 4:40:52.4,72.01093857044455,1.722,2021-09-16
188,6,오후 4:40:57.4,71.19333628680197,1.754,2021-09-16
189,6,오후 4:41:02.4,74.28386418628695,1.63,2021-09-16
190,6,오후 4:41:07.4,73.3394548018018,1.612,2021-09-16
191,6,오후 4:41:12.4,73.49933688835523,1.682,2021-09-16
192,6,오후 4:41:17.4,74.81608582210924,1.661,2021-09-16
193,6,오후 4:41:22.4,71.20403500015834,1.664,2021-09-16
194,6,오후 4:41:27.4,70.87178422074807,1.694,2021-09-16
195,6,오후 4:41:32.4,73.49957940787253,1.612,2021-09-16
196,6,오후 4:41:37.4,70.86391347156295,1.605,2021-09-16
197,6,오후 4:41:42.4,71.9081485396546,1.664,2021-09-16
198,6,오후 4:41:47.4,71.66209655792429,1.604,2021-09-16
199,6,오후 4:41:52.4,70.04198315231801,1.628,2021-09-16
200,6,오후 4:41:57.5,68.31247367223635,1.622,2021-09-16
201,6,오후 4:42:02.5,69.53366359223965,1.585,2021-09-16
202,6,오후 4:42:07.5,71.74042366970423,1.546,2021-09-16
203,6,오후 4:42:12.5,72.04518510357609,1.574,2021-09-16
204,6,오후 4:42:17.5,71.47249049518311,1.624,2021-09-16
205,6,오후 4:42:22.5,69.13914228339809,1.631,2021-09-16
206,6,오후 4:42:27.5,67.66042141558682,1.618,2021-09-16
207,6,오후 4:42:32.5,67.1776601448583,1.565,2021-09-16
208,6,오후 4:42:37.5,70.58643440551927,1.531,2021-09-16
209,6,오후 4:42:42.5,67.87710395778115,1.52,2021-09-16
210,6,오후 4:42:47.5,69.01353466824737,1.598,2021-09-16
211,6,오후 4:42:52.5,67.01093857044455,1.536,2021-09-16
212,6,오후 4:42:57.5,65.19333628680197,1.562,2021-09-16
213,6,오후 4:43:02.5,66.28386418628695,1.517,2021-09-16
214,6,오후 4:43:07.5,64.3394548018018,1.475,2021-09-16
215,6,오후 4:43:12.5,66.49933688835523,1.5,2021-09-16
216,6,오후 4:43:17.5,65.81608582210924,1.456,2021-09-16
217,7,오후 4:43:43.2,75.04198315231801,1.505,2021-09-16
218,7,오후 4:43:48.2,73.31247367223635,1.489,2021-09-16
219,7,오후 4:43:53.2,76.53366359223965,1.699,2021-09-16
220,7,오후 4:43:58.2,76.74042366970423,1.66,2021-09-16
221,7,오후 4:44:03.3,77.04518510357609,1.734,2021-09-16
222,7,오후 4:44:08.3,74.47249049518311,1.738,2021-09-16
223,7,오후 4:44:13.3,71.20403500015834,1.745,2021-09-16
224,7,오후 4:44:18.3,71.87178422074807,1.686,2021-09-16
225,7,오후 4:44:23.3,73.49957940787253,1.612,2021-09-16
226,7,오후 4:44:28.3,75.86391347156295,1.627,2021-09-16
227,7,오후 4:44:33.3,75.9081485396546,1.664,2021-09-16
228,7,오후 4:44:38.3,72.66209655792429,1.718,2021-09-16
229,7,오후 4:44:43.3,71.01093857044455,1.719,2021-09-16
230,7,오후 4:44:48.3,71.19333628680197,1.645,2021-09-16
231,7,오후 4:44:53.3,72.28386418628695,1.608,2021-09-16
232,7,오후 4:44:58.3,69.3394548018018,1.612,2021-09-16
233,7,오후 4:45:03.3,70.49933688835523,1.636,2021-09-16
234,7,오후 4:45:08.3,69.81608582210924,1.569,2021-09-16
235,7,오후 4:45:13.3,71.01093857044455,1.596,2021-09-16
236,7,오후 4:45:18.3,70.19333628680197,1.581,2021-09-16
237,7,오후 4:45:23.3,71.28386418628695,1.607,2021-09-16
238,7,오후 4:45:28.3,69.3394548018018,1.589,2021-09-16
239,7,오후 4:45:33.3,71.49933688835523,1.614,2021-09-16
240,7,오후 4:45:38.3,69.81608582210924,1.569,2021-09-16
241,7,오후 4:45:43.4,69.20403500015834,1.618,2021-09-16
242,7,오후 4:45:48.4,67.87178422074807,1.581,2021-09-16
243,7,오후 4:45:53.4,70.49957940787253,1.566,2021-09-16
244,7,오후 4:45:58.4,67.86391347156295,1.536,2021-09-16
245,7,오후 4:46:03.4,70.9081485396546,1.596,2021-09-16
246,7,오후 4:46:08.4,68.66209655792429,1.536,2021-09-16
247,7,오후 4:46:13.4,66.08489761472396,1.605,2021-09-16
248,7,오후 4:46:18.4,64.47081535284565,1.554,2021-09-16
249,7,오후 4:46:23.4,67.84317473479867,1.495,2021-09-16
250,7,오후 4:46:28.4,66.18546553761685,1.459,2021-09-16
251,7,오후 4:46:33.4,65.55671042933152,1.536,2021-09-16
252,7,오후 4:46:38.4,65.93957562396797,1.498,2021-09-16
253,8,오후 4:47:05.4,75.01093857044455,1.483,2021-09-16
254,8,오후 4:47:10.4,76.19333628680197,1.492,2021-09-16
255,8,오후 4:47:15.4,73.28386418628695,1.698,2021-09-16
256,8,오후 4:47:20.4,74.3394548018018,1.726,2021-09-16
257,8,오후 4:47:25.4,73.49933688835523,1.66,2021-09-16
258,8,오후 4:47:30.4,74.81608582210924,1.684,2021-09-16
259,8,오후 4:47:35.4,72.08489761472396,1.664,2021-09-16
260,8,오후 4:47:40.4,73.47081535284565,1.694,2021-09-16
261,8,오후 4:47:45.5,74.84317473479867,1.632,2021-09-16
262,8,오후 4:47:50.5,80.49994038161805,1.855663045148725,2021-09-16
263,8,오후 4:47:55.5,73.55671042933152,1.695,2021-09-16
264,8,오후 4:48:00.5,73.93957562396797,1.634,2021-09-16
265,8,오후 4:48:05.5,72.01093857044455,1.665,2021-09-16
266,8,오후 4:48:10.5,71.19333628680197,1.674,2021-09-16
267,8,오후 4:48:15.5,72.28386418628695,1.631,2021-09-16
268,8,오후 4:48:20.5,72.3394548018018,1.612,2021-09-16
269,8,오후 4:48:25.5,72.49933688835523,1.637,2021-09-16
270,8,오후 4:48:30.5,72.81608582210924,1.638,2021-09-16
271,8,오후 4:48:35.5,70.08489761472396,1.642,2021-09-16
272,8,오후 4:48:40.5,71.47081535284565,1.649,2021-09-16
273,8,오후 4:48:45.5,70.84317473479867,1.586,2021-09-16
274,8,오후 4:48:50.5,69.18546553761685,1.618,2021-09-16
275,8,오후 4:48:55.5,69.55671042933152,1.604,2021-09-16
276,8,오후 4:49:00.5,71.93957562396797,1.566,2021-09-16
277,8,오후 4:49:05.5,67.13914228339809,1.574,2021-09-16
278,8,오후 4:49:10.5,68.66042141558682,1.628,2021-09-16
279,8,오후 4:49:15.5,67.1776601448583,1.519,2021-09-16
280,8,오후 4:49:20.5,69.58643440551927,1.554,2021-09-16
281,8,오후 4:49:25.5,69.87710395778115,1.521,2021-09-16
282,8,오후 4:49:30.5,71.01353466824737,1.575,2021-09-16
283,8,오후 4:49:35.6,67.13914228339809,1.582,2021-09-16
284,8,오후 4:49:40.6,65.66042141558682,1.607,2021-09-16
285,8,오후 4:49:45.6,67.1776601448583,1.519,2021-09-16
286,8,오후 4:49:50.6,73.39209914624377,1.6136471806894443,2021-09-16
287,8,오후 4:49:55.6,66.87710395778115,1.521,2021-09-16
288,8,오후 4:50:00.6,68.01353466824737,1.529,2021-09-16
289,9,오후 4:50:26.4,74.01093857044455,1.514,2021-09-16
290,9,오후 4:50:31.4,75.19333628680197,1.54,2021-09-16
291,9,오후 4:50:36.4,75.28386418628695,1.676,2021-09-16
292,9,오후 4:50:41.4,74.3394548018018,1.703,2021-09-16
293,9,오후 4:50:46.4,76.49933688835523,1.705,2021-09-16
294,9,오후 4:50:51.4,73.81608582210924,1.683,2021-09-16
295,9,오후 4:50:56.4,74.01093857044455,1.732,2021-09-16
296,9,오후 4:51:01.5,72.19333628680197,1.671,2021-09-16
297,9,오후 4:51:06.5,72.28386418628695,1.676,2021-09-16
298,9,오후 4:51:11.5,72.3394548018018,1.634,2021-09-16
299,9,오후 4:51:16.5,74.49933688835523,1.637,2021-09-16
300,9,오후 4:51:21.5,73.81608582210924,1.637,2021-09-16
301,9,오후 4:51:26.5,71.04198315231801,1.687,2021-09-16
302,9,오후 4:51:31.5,70.31247367223635,1.671,2021-09-16
303,9,오후 4:51:36.5,72.53366359223965,1.608,2021-09-16
304,9,오후 4:51:41.5,70.74042366970423,1.591,2021-09-16
305,9,오후 4:51:46.5,71.04518510357609,1.642,2021-09-16
306,9,오후 4:51:51.5,73.47249049518311,1.601,2021-09-16
307,9,오후 4:51:56.5,71.20403500015834,1.609,2021-09-16
308,9,오후 4:52:01.5,71.87178422074807,1.664,2021-09-16
309,9,오후 4:52:06.5,71.49957940787253,1.612,2021-09-16
310,9,오후 4:52:11.5,71.86391347156295,1.627,2021-09-16
311,9,오후 4:52:16.5,70.9081485396546,1.619,2021-09-16
312,9,오후 4:52:21.5,69.66209655792429,1.627,2021-09-16
313,9,오후 4:52:26.5,68.00784572726687,1.605,2021-09-16
314,9,오후 4:52:31.5,68.11937724252256,1.577,2021-09-16
315,9,오후 4:52:36.5,67.12181233844662,1.54,2021-09-16
316,9,오후 4:52:41.5,69.06197573575812,1.542,2021-09-16
317,9,오후 4:52:46.5,68.0864964282445,1.519,2021-09-16
318,9,오후 4:52:51.5,67.25677527359753,1.563,2021-09-16
319,9,오후 4:52:56.6,67.04198315231801,1.541,2021-09-16
320,9,오후 4:53:01.6,65.31247367223635,1.522,2021-09-16
321,9,오후 4:53:06.6,64.53366359223965,1.517,2021-09-16
322,9,오후 4:53:11.6,64.74042366970423,1.478,2021-09-16
323,9,오후 4:53:16.6,66.04518510357609,1.461,2021-09-16
324,9,오후 4:53:21.6,65.47249049518311,1.465,2021-09-16
325,10,오후 4:53:49.5,76.13914228339809,1.495,2021-09-16
326,10,오후 4:53:54.5,75.66042141558682,1.482,2021-09-16
327,10,오후 4:53:59.5,74.1776601448583,1.724,2021-09-16
328,10,오후 4:54:04.5,76.58643440551927,1.713,2021-09-16
329,10,오후 4:54:09.5,77.87710395778115,1.679,2021-09-16
330,10,오후 4:54:14.5,75.01353466824737,1.734,2021-09-16
331,10,오후 4:54:19.5,74.20403500015834,1.763,2021-09-16
332,10,오후 4:54:24.5,73.87178422074807,1.699,2021-09-16
333,10,오후 4:54:29.5,74.49957940787253,1.68,2021-09-16
334,10,오후 4:54:34.5,72.86391347156295,1.672,2021-09-16
335,10,오후 4:54:39.5,75.9081485396546,1.686,2021-09-16
336,10,오후 4:54:44.5,72.66209655792429,1.649,2021-09-16
337,10,오후 4:54:49.5,71.01093857044455,1.719,2021-09-16
338,10,오후 4:54:54.5,70.19333628680197,1.645,2021-09-16
339,10,오후 4:54:59.5,70.28386418628695,1.608,2021-09-16
340,10,오후 4:55:04.5,72.3394548018018,1.589,2021-09-16
341,10,오후 4:55:09.5,72.49933688835523,1.591,2021-09-16
342,10,오후 4:55:14.5,71.81608582210924,1.638,2021-09-16
343,10,오후 4:55:19.6,68.08489761472396,1.642,2021-09-16
344,10,오후 4:55:24.6,71.47081535284565,1.626,2021-09-16
345,10,오후 4:55:29.6,69.84317473479867,1.541,2021-09-16
346,10,오후 4:55:34.6,71.18546553761685,1.618,2021-09-16
347,10,오후 4:55:39.6,69.55671042933152,1.581,2021-09-16
348,10,오후 4:55:44.6,70.93957562396797,1.612,2021-09-16
349,10,오후 4:55:49.6,68.00784572726687,1.574,2021-09-16
350,10,오후 4:55:54.6,67.11937724252256,1.606,2021-09-16
351,10,오후 4:55:59.6,68.12181233844662,1.539,2021-09-16
352,10,오후 4:56:04.6,66.06197573575812,1.519,2021-09-16
353,10,오후 4:56:09.6,66.0864964282445,1.542,2021-09-16
354,10,오후 4:56:14.6,68.25677527359753,1.495,2021-09-16
355,10,오후 4:56:19.6,66.01093857044455,1.496,2021-09-16
356,10,오후 4:56:24.6,64.19333628680197,1.545,2021-09-16
357,10,오후 4:56:29.6,64.28386418628695,1.494,2021-09-16
358,10,오후 4:56:34.6,65.3394548018018,1.452,2021-09-16
359,10,오후 4:56:39.6,64.49933688835523,1.454,2021-09-16
360,10,오후 4:56:44.6,66.81608582210924,1.478,2021-09-16
361,11,오후 4:57:09.8,76.00784572726687,1.46,2021-09-16
362,11,오후 4:57:14.8,75.11937724252256,1.512,2021-09-16
363,11,오후 4:57:19.8,75.12181233844662,1.722,2021-09-16
364,11,오후 4:57:24.8,73.06197573575812,1.7,2021-09-16
365,11,오후 4:57:29.8,75.0864964282445,1.701,2021-09-16
366,11,오후 4:57:34.8,75.25677527359753,1.654,2021-09-16
367,11,오후 4:57:39.8,71.04198315231801,1.7,2021-09-16
368,11,오후 4:57:44.8,72.31247367223635,1.704,2021-09-16
369,11,오후 4:57:49.8,74.53366359223965,1.608,2021-09-16
370,11,오후 4:57:54.8,73.74042366970423,1.637,2021-09-16
371,11,오후 4:57:59.8,72.04518510357609,1.688,2021-09-16
372,11,오후 4:58:04.8,73.47249049518311,1.669,2021-09-16
373,11,오후 4:58:09.8,69.13914228339809,1.631,2021-09-16
374,11,오후 4:58:14.9,71.66042141558682,1.664,2021-09-16
375,11,오후 4:58:19.9,73.1776601448583,1.565,2021-09-16
376,11,오후 4:58:24.9,72.58643440551927,1.623,2021-09-16
377,11,오후 4:58:29.9,71.87710395778115,1.657,2021-09-16
378,11,오후 4:58:34.9,74.01353466824737,1.643,2021-09-16
379,11,오후 4:58:39.9,68.00784572726687,1.628,2021-09-16
380,11,오후 4:58:44.9,71.11937724252256,1.676,2021-09-16
381,11,오후 4:58:49.9,68.12181233844662,1.539,2021-09-16
382,11,오후 4:58:54.9,68.06197573575812,1.61,2021-09-16
383,11,오후 4:58:59.9,75.20054762546174,1.7031166313671315,2021-09-16
384,11,오후 4:59:04.9,70.25677527359753,1.541,2021-09-16
385,11,오후 4:59:09.9,68.13914228339809,1.541,2021-09-16
386,11,오후 4:59:14.9,66.66042141558682,1.591,2021-09-16
387,11,오후 4:59:19.9,70.1776601448583,1.542,2021-09-16
388,11,오후 4:59:24.9,67.58643440551927,1.508,2021-09-16
389,11,오후 4:59:29.9,67.87710395778115,1.589,2021-09-16
390,11,오후 4:59:34.9,71.01353466824737,1.529,2021-09-16
391,11,오후 4:59:39.9,64.00784572726687,1.536,2021-09-16
392,11,오후 4:59:44.9,67.11937724252256,1.608,2021-09-16
393,11,오후 4:59:49.9,64.12181233844662,1.448,2021-09-16
394,11,오후 4:59:54.9,67.06197573575812,1.519,2021-09-16
395,11,오후 4:59:59.9,72.84921657050418,1.5756406858549017,2021-09-16
396,11,오후 5:00:04.9,66.25677527359753,1.517,2021-09-16
397,12,오후 5:00:32.2,74.08489761472396,1.519,2021-09-16
398,12,오후 5:00:37.2,74.47081535284565,1.5,2021-09-16
399,12,오후 5:00:42.2,76.84317473479867,1.677,2021-09-16
400,12,오후 5:00:47.2,75.18546553761685,1.686,2021-09-16
401,12,오후 5:00:52.2,76.55671042933152,1.74,2021-09-16
402,12,오후 5:00:57.2,74.93957562396797,1.702,2021-09-16
403,12,오후 5:01:02.2,73.20403500015834,1.733,2021-09-16
404,12,오후 5:01:07.2,72.87178422074807,1.697,2021-09-16
405,12,오후 5:01:12.2,73.49957940787253,1.657,2021-09-16
406,12,오후 5:01:17.2,72.86391347156295,1.65,2021-09-16
407,12,오후 5:01:22.2,73.9081485396546,1.664,2021-09-16
408,12,오후 5:01:27.2,74.66209655792429,1.649,2021-09-16
409,12,오후 5:01:32.2,70.04198315231801,1.673,2021-09-16
410,12,오후 5:01:37.2,69.31247367223635,1.691,2021-09-16
411,12,오후 5:01:42.2,70.53366359223965,1.586,2021-09-16
412,12,오후 5:01:47.3,71.74042366970423,1.569,2021-09-16
413,12,오후 5:01:52.3,71.04518510357609,1.597,2021-09-16
414,12,오후 5:01:57.3,72.47249049518311,1.624,2021-09-16
415,12,오후 5:02:02.3,70.01093857044455,1.608,2021-09-16
416,12,오후 5:02:07.3,68.19333628680197,1.641,2021-09-16
417,12,오후 5:02:12.3,70.28386418628695,1.585,2021-09-16
418,12,오후 5:02:17.3,70.3394548018018,1.543,2021-09-16
419,12,오후 5:02:22.3,71.49933688835523,1.591,2021-09-16
420,12,오후 5:02:27.3,68.81608582210924,1.592,2021-09-16
421,12,오후 5:02:32.3,69.08489761472396,1.619,2021-09-16
422,12,오후 5:02:37.3,66.47081535284565,1.557,2021-09-16
423,12,오후 5:02:42.3,66.84317473479867,1.564,2021-09-16
424,12,오후 5:02:47.3,67.18546553761685,1.504,2021-09-16
425,12,오후 5:02:52.3,69.55671042933152,1.513,2021-09-16
426,12,오후 5:02:57.3,67.93957562396797,1.52,2021-09-16
427,12,오후 5:03:02.3,66.04198315231801,1.574,2021-09-16
428,12,오후 5:03:07.4,65.31247367223635,1.538,2021-09-16
429,12,오후 5:03:12.4,65.53366359223965,1.494,2021-09-16
430,12,오후 5:03:17.4,64.74042366970423,1.478,2021-09-16
431,12,오후 5:03:22.4,67.04518510357609,1.483,2021-09-16
432,12,오후 5:03:27.4,67.47249049518311,1.465,2021-09-16
433,13,오후 5:03:52.4,74.00784572726687,1.517,2021-09-16
434,13,오후 5:03:57.4,75.11937724252256,1.527,2021-09-16
435,13,오후 5:04:02.4,74.12181233844662,1.676,2021-09-16
436,13,오후 5:04:07.4,76.06197573575812,1.701,2021-09-16
437,13,오후 5:04:12.4,74.0864964282445,1.678,2021-09-16
438,13,오후 5:04:17.4,76.25677527359753,1.723,2021-09-16
439,13,오후 5:04:22.4,73.08489761472396,1.677,2021-09-16
440,13,오후 5:04:27.4,74.47081535284565,1.727,2021-09-16
441,13,오후 5:04:32.5,71.84317473479867,1.655,2021-09-16
442,13,오후 5:04:37.5,72.18546553761685,1.687,2021-09-16
443,13,오후 5:04:42.5,74.55671042933152,1.627,2021-09-16
444,13,오후 5:04:47.5,73.93957562396797,1.634,2021-09-16
445,13,오후 5:04:52.5,70.01093857044455,1.689,2021-09-16
446,13,오후 5:04:57.5,69.19333628680197,1.675,2021-09-16
447,13,오후 5:05:02.5,71.28386418628695,1.585,2021-09-16
448,13,오후 5:05:07.5,70.3394548018018,1.567,2021-09-16
449,13,오후 5:05:12.5,72.49933688835523,1.614,2021-09-16
450,13,오후 5:05:17.5,70.81608582210924,1.593,2021-09-16
451,13,오후 5:05:22.5,71.13914228339809,1.641,2021-09-16
452,13,오후 5:05:27.5,69.66042141558682,1.603,2021-09-16
453,13,오후 5:05:32.5,69.1776601448583,1.611,2021-09-16
454,13,오후 5:05:37.5,70.58643440551927,1.577,2021-09-16
455,13,오후 5:05:42.5,70.87710395778115,1.566,2021-09-16
456,13,오후 5:05:47.5,73.01353466824737,1.598,2021-09-16
457,13,오후 5:05:52.5,69.13914228339809,1.604,2021-09-16
458,13,오후 5:05:57.5,67.66042141558682,1.653,2021-09-16
459,13,오후 5:06:02.5,67.1776601448583,1.565,2021-09-16
460,13,오후 5:06:07.6,70.58643440551927,1.531,2021-09-16
461,13,오후 5:06:12.6,69.87710395778115,1.521,2021-09-16
462,13,오후 5:06:17.6,70.01353466824737,1.598,2021-09-16
463,13,오후 5:06:22.6,65.01093857044455,1.582,2021-09-16
464,13,오후 5:06:27.6,65.19333628680197,1.585,2021-09-16
465,13,오후 5:06:32.6,67.28386418628695,1.471,2021-09-16
466,13,오후 5:06:37.6,67.3394548018018,1.475,2021-09-16
467,13,오후 5:06:42.6,66.49933688835523,1.522,2021-09-16
468,13,오후 5:06:47.6,64.81608582210924,1.524,2021-09-16
469,14,오후 5:07:14.7,73.01093857044455,1.505,2021-09-16
470,14,오후 5:07:19.7,73.19333628680197,1.467,2021-09-16
471,14,오후 5:07:24.7,73.28386418628695,1.653,2021-09-16
472,14,오후 5:07:29.7,73.3394548018018,1.657,2021-09-16
473,14,오후 5:07:34.7,75.49933688835523,1.66,2021-09-16
474,14,오후 5:07:39.7,73.81608582210924,1.66,2021-09-16
475,14,오후 5:07:44.7,72.00784572726687,1.71,2021-09-16
476,14,오후 5:07:49.7,74.11937724252256,1.671,2021-09-16
477,14,오후 5:07:54.7,74.12181233844662,1.63,2021-09-16
478,14,오후 5:07:59.7,74.06197573575812,1.678,2021-09-16
479,14,오후 5:08:04.7,72.0864964282445,1.679,2021-09-16
480,14,오후 5:08:09.7,74.25677527359753,1.677,2021-09-16
481,14,오후 5:08:14.7,71.04198315231801,1.632,2021-09-16
482,14,오후 5:08:19.7,69.31247367223635,1.681,2021-09-16
483,14,오후 5:08:24.7,76.6335359775324,1.7470626021108868,2021-09-16
484,14,오후 5:08:29.7,72.74042366970423,1.569,2021-09-16
485,14,오후 5:08:34.7,73.04518510357609,1.596,2021-09-16
486,14,오후 5:08:39.7,70.47249049518311,1.647,2021-09-16
487,14,오후 5:08:44.8,70.13914228339809,1.654,2021-09-16
488,14,오후 5:08:49.8,71.66042141558682,1.595,2021-09-16
489,14,오후 5:08:54.8,70.1776601448583,1.587,2021-09-16
490,14,오후 5:08:59.8,71.58643440551927,1.623,2021-09-16
491,14,오후 5:09:04.8,69.87710395778115,1.589,2021-09-16
492,14,오후 5:09:09.8,73.01353466824737,1.621,2021-09-16
493,14,오후 5:09:14.8,67.01093857044455,1.582,2021-09-16
494,14,오후 5:09:19.8,66.19333628680197,1.653,2021-09-16
495,14,오후 5:09:24.8,67.28386418628695,1.516,2021-09-16
496,14,오후 5:09:29.8,67.3394548018018,1.498,2021-09-16
497,14,오후 5:09:34.8,69.49933688835523,1.523,2021-09-16
498,14,오후 5:09:39.8,68.81608582210924,1.524,2021-09-16
499,14,오후 5:09:44.8,67.08489761472396,1.573,2021-09-16
500,14,오후 5:09:49.8,65.47081535284565,1.557,2021-09-16
501,14,오후 5:09:54.8,64.84317473479867,1.518,2021-09-16
502,14,오후 5:09:59.8,65.18546553761685,1.482,2021-09-16
503,14,오후 5:10:04.8,66.55671042933152,1.467,2021-09-16
504,14,오후 5:10:09.8,68.93957562396797,1.475,2021-09-16
505,15,오후 5:10:35.9,73.13914228339809,1.506,2021-09-16
506,15,오후 5:10:40.9,73.66042141558682,1.561,2021-09-16
507,15,오후 5:10:45.9,75.1776601448583,1.656,2021-09-16
508,15,오후 5:10:50.9,76.58643440551927,1.668,2021-09-16
509,15,오후 5:10:55.9,77.87710395778115,1.702,2021-09-16
510,15,오후 5:11:00.9,78.01353466824737,1.735,2021-09-16
511,15,오후 5:11:05.9,73.13914228339809,1.764,2021-09-16
512,15,오후 5:11:10.9,85.44279861351848,2.0221882262047832,2021-09-16
513,15,오후 5:11:16.0,75.1776601448583,1.656,2021-09-16
514,15,오후 5:11:21.0,75.58643440551927,1.691,2021-09-16
515,15,오후 5:11:26.0,73.87710395778115,1.702,2021-09-16
516,15,오후 5:11:31.0,75.01353466824737,1.711,2021-09-16
517,15,오후 5:11:36.0,71.13914228339809,1.672,2021-09-16
518,15,오후 5:11:41.0,69.66042141558682,1.698,2021-09-16
519,15,오후 5:11:46.0,73.1776601448583,1.61,2021-09-16
520,15,오후 5:11:51.0,71.58643440551927,1.577,2021-09-16
521,15,오후 5:11:56.0,72.87710395778115,1.657,2021-09-16
522,15,오후 5:12:01.0,71.01353466824737,1.621,2021-09-16
523,15,오후 5:12:06.0,68.04198315231801,1.65,2021-09-16
524,15,오후 5:12:11.0,69.31247367223635,1.607,2021-09-16
525,15,오후 5:12:16.0,71.53366359223965,1.54,2021-09-16
526,15,오후 5:12:21.0,68.74042366970423,1.569,2021-09-16
527,15,오후 5:12:26.0,72.04518510357609,1.619,2021-09-16
528,15,오후 5:12:31.0,72.47249049518311,1.556,2021-09-16
529,15,오후 5:12:36.0,69.01093857044455,1.631,2021-09-16
530,15,오후 5:12:41.0,67.19333628680197,1.641,2021-09-16
531,15,오후 5:12:46.0,69.28386418628695,1.562,2021-09-16
532,15,오후 5:12:51.0,66.3394548018018,1.52,2021-09-16
533,15,오후 5:12:56.0,69.49933688835523,1.568,2021-09-16
534,15,오후 5:13:01.1,67.81608582210924,1.502,2021-09-16
535,15,오후 5:13:06.1,64.01093857044455,1.573,2021-09-16
536,15,오후 5:13:11.1,66.19333628680197,1.535,2021-09-16
537,15,오후 5:13:16.1,64.28386418628695,1.448,2021-09-16
538,15,오후 5:13:21.1,64.3394548018018,1.498,2021-09-16
539,15,오후 5:13:26.1,67.49933688835523,1.454,2021-09-16
540,15,오후 5:13:31.1,67.81608582210924,1.456,2021-09-16
541,16,오후 5:13:56.1,75.01093857044455,1.527,2021-09-16
542,16,오후 5:14:01.1,74.19333628680197,1.535,2021-09-16
543,16,오후 5:14:06.1,75.28386418628695,1.699,2021-09-16
544,16,오후 5:14:11.1,76.3394548018018,1.68,2021-09-16
545,16,오후 5:14:16.1,76.49933688835523,1.704,2021-09-16
546,16,오후 5:14:21.1,84.64576584479914,1.9826644492957186,2021-09-16
547,16,오후 5:14:26.1,73.08489761472396,1.732,2021-09-16
548,16,오후 5:14:31.1,71.47081535284565,1.671,2021-09-16
549,16,오후 5:14:36.2,74.84317473479867,1.655,2021-09-16
550,16,오후 5:14:41.2,73.18546553761685,1.618,2021-09-16
551,16,오후 5:14:46.2,75.55671042933152,1.694,2021-09-16
552,16,오후 5:14:51.2,75.93957562396797,1.657,2021-09-16
553,16,오후 5:14:56.2,70.13914228339809,1.711,2021-09-16
554,16,오후 5:15:01.2,69.66042141558682,1.72,2021-09-16
555,16,오후 5:15:06.2,72.1776601448583,1.588,2021-09-16
556,16,오후 5:15:11.2,73.58643440551927,1.577,2021-09-16
557,16,오후 5:15:16.2,70.87710395778115,1.634,2021-09-16
558,16,오후 5:15:21.2,81.42338826896149,1.8578934093856825,2021-09-16
559,16,오후 5:15:26.2,71.01093857044455,1.605,2021-09-16
560,16,오후 5:15:31.2,70.19333628680197,1.653,2021-09-16
561,16,오후 5:15:36.2,71.28386418628695,1.607,2021-09-16
562,16,오후 5:15:41.2,68.3394548018018,1.589,2021-09-16
563,16,오후 5:15:46.2,71.49933688835523,1.614,2021-09-16
564,16,오후 5:15:51.2,68.81608582210924,1.547,2021-09-16
565,16,오후 5:15:56.2,68.20403500015834,1.619,2021-09-16
566,16,오후 5:16:01.2,69.87178422074807,1.557,2021-09-16
567,16,오후 5:16:06.2,67.49957940787253,1.544,2021-09-16
568,16,오후 5:16:11.2,69.86391347156295,1.582,2021-09-16
569,16,오후 5:16:16.2,69.9081485396546,1.527,2021-09-16
570,16,오후 5:16:21.2,69.66209655792429,1.581,2021-09-16
571,16,오후 5:16:26.2,64.01093857044455,1.582,2021-09-16
572,16,오후 5:16:31.3,67.19333628680197,1.577,2021-09-16
573,16,오후 5:16:36.3,66.28386418628695,1.448,2021-09-16
574,16,오후 5:16:41.3,67.3394548018018,1.521,2021-09-16
575,16,오후 5:16:46.3,66.49933688835523,1.5,2021-09-16
576,16,오후 5:16:51.3,65.81608582210924,1.524,2021-09-16
577,17,오후 5:17:16.7,75.00784572726687,1.505,2021-09-16
578,17,오후 5:17:21.7,75.11937724252256,1.489,2021-09-16
579,17,오후 5:17:26.7,75.12181233844662,1.698,2021-09-16
580,17,오후 5:17:31.7,76.06197573575812,1.701,2021-09-16
581,17,오후 5:17:36.7,76.0864964282445,1.701,2021-09-16
582,17,오후 5:17:41.7,75.25677527359753,1.722,2021-09-16
583,17,오후 5:17:46.8,73.20403500015834,1.723,2021-09-16
584,17,오후 5:17:51.8,71.87178422074807,1.704,2021-09-16
585,17,오후 5:17:56.8,75.49957940787253,1.657,2021-09-16
586,17,오후 5:18:01.8,72.86391347156295,1.627,2021-09-16
587,17,오후 5:18:06.8,74.9081485396546,1.71,2021-09-16
588,17,오후 5:18:11.8,72.66209655792429,1.65,2021-09-16
589,17,오후 5:18:16.8,69.04198315231801,1.696,2021-09-16
590,17,오후 5:18:21.8,69.31247367223635,1.645,2021-09-16
591,17,오후 5:18:26.8,72.53366359223965,1.563,2021-09-16
592,17,오후 5:18:31.8,69.74042366970423,1.569,2021-09-16
593,17,오후 5:18:36.8,73.04518510357609,1.642,2021-09-16
594,17,오후 5:18:41.8,73.47249049518311,1.579,2021-09-16
595,17,오후 5:18:46.8,71.01093857044455,1.653,2021-09-16
596,17,오후 5:18:51.8,69.19333628680197,1.664,2021-09-16
597,17,오후 5:18:56.8,71.28386418628695,1.607,2021-09-16
598,17,오후 5:19:01.8,70.3394548018018,1.566,2021-09-16
599,17,오후 5:19:06.8,70.49933688835523,1.614,2021-09-16
600,17,오후 5:19:11.8,68.81608582210924,1.593,2021-09-16
601,17,오후 5:19:16.9,68.20403500015834,1.596,2021-09-16
602,17,오후 5:19:21.9,66.87178422074807,1.558,2021-09-16
603,17,오후 5:19:26.9,70.49957940787253,1.544,2021-09-16
604,17,오후 5:19:31.9,68.86391347156295,1.513,2021-09-16
605,17,오후 5:19:36.9,67.9081485396546,1.596,2021-09-16
606,17,오후 5:19:41.9,70.66209655792429,1.559,2021-09-16
607,17,오후 5:19:46.9,64.00784572726687,1.537,2021-09-16
608,17,오후 5:19:51.9,66.11937724252256,1.6,2021-09-16
609,17,오후 5:19:56.9,65.12181233844662,1.449,2021-09-16
610,17,오후 5:20:01.9,64.06197573575812,1.496,2021-09-16
611,17,오후 5:20:06.9,67.0864964282445,1.474,2021-09-16
612,17,오후 5:20:11.9,67.25677527359753,1.449,2021-09-16
613,18,오후 5:20:38.0,75.13914228339809,1.519,2021-09-16
614,18,오후 5:20:43.0,76.66042141558682,1.522,2021-09-16
615,18,오후 5:20:48.0,77.1776601448583,1.702,2021-09-16
616,18,오후 5:20:53.0,75.58643440551927,1.736,2021-09-16
617,18,오후 5:20:58.0,77.87710395778115,1.748,2021-09-16
618,18,오후 5:21:03.1,75.01353466824737,1.712,2021-09-16
619,18,오후 5:21:08.1,74.20403500015834,1.764,2021-09-16
620,18,오후 5:21:13.1,71.87178422074807,1.699,2021-09-16
621,18,오후 5:21:18.1,74.49957940787253,1.68,2021-09-16
622,18,오후 5:21:23.1,75.86391347156295,1.627,2021-09-16
623,18,오후 5:21:28.1,72.9081485396546,1.686,2021-09-16
624,18,오후 5:21:33.1,75.66209655792429,1.718,2021-09-16
625,18,오후 5:21:38.1,70.70493549884097,1.691526748175256,2021-09-16
626,18,오후 5:21:43.1,77.52752168689909,1.893088136292648,2021-09-16
627,18,오후 5:21:48.1,70.28386418628695,1.562,2021-09-16
628,18,오후 5:21:53.1,69.3394548018018,1.589,2021-09-16
629,18,오후 5:21:58.1,72.49933688835523,1.591,2021-09-16
630,18,오후 5:22:03.1,72.81608582210924,1.57,2021-09-16
631,18,오후 5:22:08.1,70.04198315231801,1.641,2021-09-16
632,18,오후 5:22:13.1,70.31247367223635,1.649,2021-09-16
633,18,오후 5:22:18.1,68.53366359223965,1.586,2021-09-16
634,18,오후 5:22:23.1,71.74042366970423,1.592,2021-09-16
635,18,오후 5:22:28.1,71.04518510357609,1.551,2021-09-16
636,18,오후 5:22:33.1,69.47249049518311,1.625,2021-09-16
637,18,오후 5:22:38.1,67.08489761472396,1.608,2021-09-16
638,18,오후 5:22:43.1,69.47081535284565,1.573,2021-09-16
639,18,오후 5:22:48.1,69.84317473479867,1.518,2021-09-16
640,18,오후 5:22:53.1,68.18546553761685,1.573,2021-09-16
641,18,오후 5:22:58.1,68.55671042933152,1.581,2021-09-16
642,18,오후 5:23:03.1,67.93957562396797,1.543,2021-09-16
643,18,오후 5:23:08.1,67.00784572726687,1.552,2021-09-16
644,18,오후 5:23:13.2,64.11937724252256,1.537,2021-09-16
645,18,오후 5:23:18.2,65.12181233844662,1.517,2021-09-16
646,18,오후 5:23:23.2,64.06197573575812,1.45,2021-09-16
647,18,오후 5:23:28.2,66.0864964282445,1.474,2021-09-16
648,18,오후 5:23:33.2,66.25677527359753,1.45,2021-09-16
649,19,오후 5:23:59.4,74.00784572726687,1.496,2021-09-16
650,19,오후 5:24:04.4,74.11937724252256,1.5,2021-09-16
651,19,오후 5:24:09.5,81.57476493150465,1.8188822527959754,2021-09-16
652,19,오후 5:24:14.5,76.06197573575812,1.678,2021-09-16
653,19,오후 5:24:19.5,73.0864964282445,1.701,2021-09-16
654,19,오후 5:24:24.5,73.25677527359753,1.723,2021-09-16
655,19,오후 5:24:29.5,74.04198315231801,1.655,2021-09-16
656,19,오후 5:24:34.5,73.31247367223635,1.659,2021-09-16
657,19,오후 5:24:39.5,74.53366359223965,1.676,2021-09-16
658,19,오후 5:24:44.5,74.74042366970423,1.66,2021-09-16
659,19,오후 5:24:49.5,74.04518510357609,1.688,2021-09-16
660,19,오후 5:24:54.5,83.10504942551846,1.9402361181077823,2021-09-16
661,19,오후 5:24:59.5,72.13914228339809,1.677,2021-09-16
662,19,오후 5:25:04.5,71.66042141558682,1.641,2021-09-16
663,19,오후 5:25:09.5,71.1776601448583,1.633,2021-09-16
664,19,오후 5:25:14.5,73.58643440551927,1.622,2021-09-16
665,19,오후 5:25:19.5,73.87710395778115,1.611,2021-09-16
666,19,오후 5:25:24.5,74.01353466824737,1.666,2021-09-16
667,19,오후 5:25:29.5,70.08489761472396,1.673,2021-09-16
668,19,오후 5:25:34.5,71.47081535284565,1.676,2021-09-16
669,19,오후 5:25:39.5,70.84317473479867,1.587,2021-09-16
670,19,오후 5:25:44.5,70.18546553761685,1.618,2021-09-16
671,19,오후 5:25:49.5,71.55671042933152,1.604,2021-09-16
672,19,오후 5:25:54.5,70.93957562396797,1.589,2021-09-16
673,19,오후 5:25:59.6,66.13914228339809,1.62,2021-09-16
674,19,오후 5:26:04.6,67.66042141558682,1.606,2021-09-16
675,19,오후 5:26:09.6,69.1776601448583,1.497,2021-09-16
676,19,오후 5:26:14.6,68.58643440551927,1.531,2021-09-16
677,19,오후 5:26:19.6,69.87710395778115,1.566,2021-09-16
678,19,오후 5:26:24.6,68.01353466824737,1.552,2021-09-16
679,19,오후 5:26:29.6,64.08489761472396,1.582,2021-09-16
680,19,오후 5:26:34.6,65.47081535284565,1.539,2021-09-16
681,19,오후 5:26:39.6,64.84317473479867,1.45,2021-09-16
682,19,오후 5:26:44.6,67.18546553761685,1.482,2021-09-16
683,19,오후 5:26:49.6,65.55671042933152,1.467,2021-09-16
684,19,오후 5:26:54.6,66.93957562396797,1.521,2021-09-16
685,20,오후 5:27:22.5,75.13914228339809,1.483,2021-09-16
686,20,오후 5:27:27.5,74.66042141558682,1.515,2021-09-16
687,20,오후 5:27:32.5,75.1776601448583,1.701,2021-09-16
688,20,오후 5:27:37.5,76.58643440551927,1.691,2021-09-16
689,20,오후 5:27:42.5,76.87710395778115,1.703,2021-09-16
690,20,오후 5:27:47.5,78.01353466824737,1.734,2021-09-16
691,20,오후 5:27:52.5,72.08489761472396,1.741,2021-09-16
692,20,오후 5:27:57.5,80.04296427767048,1.9505213819678042,2021-09-16
693,20,오후 5:28:02.5,73.84317473479867,1.632,2021-09-16
694,20,오후 5:28:07.5,72.18546553761685,1.64,2021-09-16
695,20,오후 5:28:12.5,75.36229145911332,1.7130422307383575,2021-09-16
696,20,오후 5:28:17.5,73.93957562396797,1.634,2021-09-16
697,20,오후 5:28:22.5,71.08489761472396,1.665,2021-09-16
698,20,오후 5:28:27.5,70.47081535284565,1.675,2021-09-16
699,20,오후 5:28:32.5,72.84317473479867,1.609,2021-09-16
700,20,오후 5:28:37.5,70.18546553761685,1.596,2021-09-16
701,20,오후 5:28:42.5,72.55671042933152,1.649,2021-09-16
702,20,오후 5:28:47.6,71.93957562396797,1.589,2021-09-16
703,20,오후 5:28:52.6,71.00784572726687,1.643,2021-09-16
704,20,오후 5:28:57.6,68.11937724252256,1.629,2021-09-16
705,20,오후 5:29:02.6,71.12181233844662,1.608,2021-09-16
706,20,오후 5:29:07.6,68.06197573575812,1.541,2021-09-16
707,20,오후 5:29:12.6,70.0864964282445,1.61,2021-09-16
708,20,오후 5:29:17.6,70.25677527359753,1.54,2021-09-16
709,20,오후 5:29:22.6,68.13914228339809,1.586,2021-09-16
710,20,오후 5:29:27.6,69.66042141558682,1.59,2021-09-16
711,20,오후 5:29:32.6,70.1776601448583,1.542,2021-09-16
712,20,오후 5:29:37.6,69.58643440551927,1.577,2021-09-16
713,20,오후 5:29:42.6,69.87710395778115,1.589,2021-09-16
714,20,오후 5:29:47.6,69.01353466824737,1.575,2021-09-16
715,20,오후 5:29:52.6,65.01093857044455,1.581,2021-09-16
716,20,오후 5:29:57.6,67.19333628680197,1.562,2021-09-16
717,20,오후 5:30:02.6,66.28386418628695,1.471,2021-09-16
718,20,오후 5:30:07.6,67.3394548018018,1.521,2021-09-16
719,20,오후 5:30:12.6,65.49933688835523,1.5,2021-09-16
720,20,오후 5:30:17.6,64.81608582210924,1.524,2021-09-16
721,21,오후 5:30:44.5,75.00784572726687,1.482,2021-09-16
722,21,오후 5:30:49.5,76.11937724252256,1.467,2021-09-16
723,21,오후 5:30:54.5,84.88968394603464,1.8935792371770042,2021-09-16
724,21,오후 5:30:59.5,75.06197573575812,1.723,2021-09-16
725,21,오후 5:31:04.5,75.0864964282445,1.724,2021-09-16
726,21,오후 5:31:09.5,74.25677527359753,1.699,2021-09-16
727,21,오후 5:31:14.5,71.08489761472396,1.701,2021-09-16
728,21,오후 5:31:19.5,73.47081535284565,1.681,2021-09-16
729,21,오후 5:31:24.6,71.84317473479867,1.61,2021-09-16
730,21,오후 5:31:29.6,74.18546553761685,1.663,2021-09-16
731,21,오후 5:31:34.6,72.55671042933152,1.627,2021-09-16
732,21,오후 5:31:39.6,74.93957562396797,1.68,2021-09-16
733,21,오후 5:31:44.6,72.13914228339809,1.642,2021-09-16
734,21,오후 5:31:49.6,72.66042141558682,1.697,2021-09-16
735,21,오후 5:31:54.6,70.1776601448583,1.633,2021-09-16
736,21,오후 5:31:59.6,79.95031565458245,1.7872624256669207,2021-09-16
737,21,오후 5:32:04.6,71.87710395778115,1.588,2021-09-16
738,21,오후 5:32:09.6,74.01353466824737,1.666,2021-09-16
739,21,오후 5:32:14.6,70.04198315231801,1.627,2021-09-16
740,21,오후 5:32:19.6,68.31247367223635,1.676,2021-09-16
741,21,오후 5:32:24.6,70.53366359223965,1.586,2021-09-16
742,21,오후 5:32:29.6,71.74042366970423,1.546,2021-09-16
743,21,오후 5:32:34.6,69.04518510357609,1.597,2021-09-16
744,21,오후 5:32:39.6,69.47249049518311,1.624,2021-09-16
745,21,오후 5:32:44.6,67.04198315231801,1.563,2021-09-16
746,21,오후 5:32:49.6,68.31247367223635,1.573,2021-09-16
747,21,오후 5:32:54.6,67.53366359223965,1.517,2021-09-16
748,21,오후 5:32:59.6,69.74042366970423,1.546,2021-09-16
749,21,오후 5:33:04.6,67.04518510357609,1.528,2021-09-16
750,21,오후 5:33:09.6,68.47249049518311,1.578,2021-09-16
751,21,오후 5:33:14.6,64.01093857044455,1.517,2021-09-16
752,21,오후 5:33:19.6,65.19333628680197,1.55,2021-09-16
753,21,오후 5:33:24.7,67.28386418628695,1.449,2021-09-16
754,21,오후 5:33:29.7,64.3394548018018,1.475,2021-09-16
755,21,오후 5:33:34.7,65.49933688835523,1.523,2021-09-16
756,21,오후 5:33:39.7,66.81608582210924,1.456,2021-09-16
757,22,오후 5:34:06.0,74.20403500015834,1.482,2021-09-16
758,22,오후 5:34:11.0,74.87178422074807,1.512,2021-09-16
759,22,오후 5:34:16.0,76.49957940787253,1.68,2021-09-16
760,22,오후 5:34:21.0,77.86391347156295,1.696,2021-09-16
761,22,오후 5:34:26.0,74.9081485396546,1.732,2021-09-16
762,22,오후 5:34:31.0,77.66209655792429,1.763,2021-09-16
763,22,오후 5:34:36.0,72.20403500015834,1.696,2021-09-16
764,22,오후 5:34:41.0,73.87178422074807,1.759,2021-09-16
765,22,오후 5:34:46.0,72.49957940787253,1.635,2021-09-16
766,22,오후 5:34:51.0,72.86391347156295,1.673,2021-09-16
767,22,오후 5:34:56.0,72.9081485396546,1.641,2021-09-16
768,22,오후 5:35:01.0,74.66209655792429,1.649,2021-09-16
769,22,오후 5:35:06.0,71.20403500015834,1.651,2021-09-16
770,22,오후 5:35:11.1,72.87178422074807,1.69,2021-09-16
771,22,오후 5:35:16.1,72.49957940787253,1.612,2021-09-16
772,22,오후 5:35:21.1,73.86391347156295,1.649,2021-09-16
773,22,오후 5:35:26.1,72.9081485396546,1.642,2021-09-16
774,22,오후 5:35:31.1,72.66209655792429,1.672,2021-09-16
775,22,오후 5:35:36.1,70.00784572726687,1.65,2021-09-16
776,22,오후 5:35:41.1,68.11937724252256,1.645,2021-09-16
777,22,오후 5:35:46.1,68.12181233844662,1.585,2021-09-16
778,22,오후 5:35:51.1,71.06197573575812,1.542,2021-09-16
779,22,오후 5:35:56.1,71.0864964282445,1.541,2021-09-16
780,22,오후 5:36:01.1,70.25677527359753,1.609,2021-09-16
781,22,오후 5:36:06.1,75.92706035840014,1.794328028632391,2021-09-16
782,22,오후 5:36:11.1,69.47081535284565,1.591,2021-09-16
783,22,오후 5:36:16.1,66.84317473479867,1.541,2021-09-16
784,22,오후 5:36:21.1,70.18546553761685,1.573,2021-09-16
785,22,오후 5:36:26.1,70.55671042933152,1.513,2021-09-16
786,22,오후 5:36:31.1,69.93957562396797,1.589,2021-09-16
787,22,오후 5:36:36.1,65.13914228339809,1.597,2021-09-16
788,22,오후 5:36:41.1,66.66042141558682,1.584,2021-09-16
789,22,오후 5:36:46.1,66.1776601448583,1.474,2021-09-16
790,22,오후 5:36:51.1,68.58643440551927,1.508,2021-09-16
791,22,오후 5:36:56.1,68.87710395778115,1.497,2021-09-16
792,22,오후 5:37:01.1,68.65850174506981,1.590096616092064,2021-09-16
793,23,오후 5:37:26.7,76.04198315231801,1.559,2021-09-16
794,23,오후 5:37:31.7,75.31247367223635,1.517,2021-09-16
795,23,오후 5:37:36.7,76.53366359223965,1.722,2021-09-16
796,23,오후 5:37:41.7,73.74042366970423,1.705,2021-09-16
797,23,오후 5:37:46.7,74.04518510357609,1.733,2021-09-16
798,23,오후 5:37:51.7,74.47249049518311,1.67,2021-09-16
799,23,오후 5:37:56.7,71.04198315231801,1.676,2021-09-16
800,23,오후 5:38:01.7,72.31247367223635,1.686,2021-09-16
801,23,오후 5:38:06.7,72.53366359223965,1.608,2021-09-16
802,23,오후 5:38:11.7,73.74042366970423,1.637,2021-09-16
803,23,오후 5:38:16.7,72.04518510357609,1.642,2021-09-16
804,23,오후 5:38:21.7,72.47249049518311,1.669,2021-09-16
805,23,오후 5:38:26.8,71.13914228339809,1.631,2021-09-16
806,23,오후 5:38:31.8,69.66042141558682,1.641,2021-09-16
807,23,오후 5:38:36.8,73.1776601448583,1.61,2021-09-16
808,23,오후 5:38:41.8,72.58643440551927,1.577,2021-09-16
809,23,오후 5:38:46.8,73.87710395778115,1.657,2021-09-16
810,23,오후 5:38:51.8,72.01353466824737,1.644,2021-09-16
811,23,오후 5:38:56.8,68.08489761472396,1.672,2021-09-16
812,23,오후 5:39:01.8,68.47081535284565,1.631,2021-09-16
813,23,오후 5:39:06.8,69.84317473479867,1.541,2021-09-16
814,23,오후 5:39:11.8,72.18546553761685,1.549,2021-09-16
815,23,오후 5:39:16.8,83.03527196510696,1.8093263076569113,2021-09-16
816,23,오후 5:39:21.8,75.98807026128148,1.7753111267718835,2021-09-16
817,23,오후 5:39:26.8,71.82048484443024,1.7841334575186791,2021-09-16
818,23,오후 5:39:31.8,68.66042141558682,1.583,2021-09-16
819,23,오후 5:39:36.8,69.1776601448583,1.497,2021-09-16
820,23,오후 5:39:41.8,69.58643440551927,1.554,2021-09-16
821,23,오후 5:39:46.9,70.87710395778115,1.565,2021-09-16
822,23,오후 5:39:51.9,68.01353466824737,1.575,2021-09-16
823,23,오후 5:39:56.9,66.08489761472396,1.604,2021-09-16
824,23,오후 5:40:01.9,65.47081535284565,1.539,2021-09-16
825,23,오후 5:40:06.9,66.84317473479867,1.496,2021-09-16
826,23,오후 5:40:11.9,65.18546553761685,1.481,2021-09-16
827,23,오후 5:40:16.9,67.55671042933152,1.513,2021-09-16
828,23,오후 5:40:21.9,67.93957562396797,1.475,2021-09-16
829,24,오후 5:40:49.0,75.08489761472396,1.529,2021-09-16
830,24,오후 5:40:54.0,73.47081535284565,1.538,2021-09-16
831,24,오후 5:40:59.0,73.84317473479867,1.7,2021-09-16
832,24,오후 5:41:04.0,77.18546553761685,1.663,2021-09-16
833,24,오후 5:41:09.0,76.55671042933152,1.672,2021-09-16
834,24,오후 5:41:14.0,75.93957562396797,1.748,2021-09-16
835,24,오후 5:41:19.0,72.13914228339809,1.733,2021-09-16
836,24,오후 5:41:24.0,72.66042141558682,1.719,2021-09-16
837,24,오후 5:41:29.0,72.1776601448583,1.633,2021-09-16
838,24,오후 5:41:34.0,72.58643440551927,1.645,2021-09-16
839,24,오후 5:41:39.0,74.87710395778115,1.634,2021-09-16
840,24,오후 5:41:44.0,73.01353466824737,1.643,2021-09-16
841,24,오후 5:41:49.0,71.13914228339809,1.696,2021-09-16
842,24,오후 5:41:54.0,71.66042141558682,1.653,2021-09-16
843,24,오후 5:41:59.0,72.1776601448583,1.61,2021-09-16
844,24,오후 5:42:04.0,70.58643440551927,1.622,2021-09-16
845,24,오후 5:42:09.0,72.87710395778115,1.634,2021-09-16
846,24,오후 5:42:14.0,71.01353466824737,1.598,2021-09-16
847,24,오후 5:42:19.0,69.04198315231801,1.65,2021-09-16
848,24,오후 5:42:24.1,69.31247367223635,1.608,2021-09-16
849,24,오후 5:42:29.1,70.53366359223965,1.562,2021-09-16
850,24,오후 5:42:34.1,70.74042366970423,1.569,2021-09-16
851,24,오후 5:42:39.1,70.04518510357609,1.597,2021-09-16
852,24,오후 5:42:44.1,70.47249049518311,1.601,2021-09-16
853,24,오후 5:42:49.1,69.20403500015834,1.586,2021-09-16
854,24,오후 5:42:54.1,66.87178422074807,1.595,2021-09-16
855,24,오후 5:42:59.1,68.49957940787253,1.566,2021-09-16
856,24,오후 5:43:04.1,67.86391347156295,1.513,2021-09-16
857,24,오후 5:43:09.1,68.9081485396546,1.55,2021-09-16
858,24,오후 5:43:14.1,69.66209655792429,1.536,2021-09-16
859,24,오후 5:43:19.1,65.08489761472396,1.559,2021-09-16
860,24,오후 5:43:24.1,64.47081535284565,1.577,2021-09-16
861,24,오후 5:43:29.1,65.84317473479867,1.473,2021-09-16
862,24,오후 5:43:34.1,68.18546553761685,1.459,2021-09-16
863,24,오후 5:43:39.1,66.55671042933152,1.49,2021-09-16
864,24,오후 5:43:44.1,68.93957562396797,1.543,2021-09-16
865,25,오후 5:44:12.0,74.13914228339809,1.506,2021-09-16
866,25,오후 5:44:17.0,73.66042141558682,1.56,2021-09-16
867,25,오후 5:44:22.0,76.1776601448583,1.679,2021-09-16
868,25,오후 5:44:27.0,82.12327909004375,1.8122515051747257,2021-09-16
869,25,오후 5:44:32.0,77.87710395778115,1.725,2021-09-16
870,25,오후 5:44:37.0,76.01353466824737,1.712,2021-09-16
871,25,오후 5:44:42.1,73.04198315231801,1.764,2021-09-16
872,25,오후 5:44:47.1,73.31247367223635,1.721,2021-09-16
873,25,오후 5:44:52.1,72.53366359223965,1.654,2021-09-16
874,25,오후 5:44:57.1,73.74042366970423,1.66,2021-09-16
875,25,오후 5:45:02.1,74.04518510357609,1.642,2021-09-16
876,25,오후 5:45:07.1,72.47249049518311,1.67,2021-09-16
877,25,오후 5:45:12.1,76.30326725287408,1.8522221730237869,2021-09-16
878,25,오후 5:45:17.1,71.47081535284565,1.641,2021-09-16
879,25,오후 5:45:22.1,69.84317473479867,1.563,2021-09-16
880,25,오후 5:45:27.1,72.18546553761685,1.618,2021-09-16
881,25,오후 5:45:32.1,71.55671042933152,1.581,2021-09-16
882,25,오후 5:45:37.1,70.93957562396797,1.634,2021-09-16
883,25,오후 5:45:42.1,69.00784572726687,1.62,2021-09-16
884,25,오후 5:45:47.1,70.11937724252256,1.606,2021-09-16
885,25,오후 5:45:52.1,71.12181233844662,1.562,2021-09-16
886,25,오후 5:45:57.1,71.06197573575812,1.588,2021-09-16
887,25,오후 5:46:02.1,68.0864964282445,1.61,2021-09-16
888,25,오후 5:46:07.2,69.25677527359753,1.609,2021-09-16
889,25,오후 5:46:12.2,69.20403500015834,1.541,2021-09-16
890,25,오후 5:46:17.2,67.87178422074807,1.567,2021-09-16
891,25,오후 5:46:22.2,70.49957940787253,1.567,2021-09-16
892,25,오후 5:46:27.2,70.86391347156295,1.536,2021-09-16
893,25,오후 5:46:32.2,70.9081485396546,1.596,2021-09-16
894,25,오후 5:46:37.2,69.66209655792429,1.604,2021-09-16
895,25,오후 5:46:42.2,67.00784572726687,1.605,2021-09-16
896,25,오후 5:46:47.2,66.11937724252256,1.577,2021-09-16
897,25,오후 5:46:52.2,64.12181233844662,1.516,2021-09-16
898,25,오후 5:46:57.2,67.06197573575812,1.496,2021-09-16
899,25,오후 5:47:02.2,65.0864964282445,1.451,2021-09-16
900,25,오후 5:47:07.2,67.25677527359753,1.518,2021-09-16
901,26,오후 5:47:34.8,73.04198315231801,1.473,2021-09-16
902,26,오후 5:47:39.8,87.50840288476489,1.7452951369740217,2021-09-16
903,26,오후 5:47:44.8,74.53366359223965,1.654,2021-09-16
904,26,오후 5:47:49.9,73.74042366970423,1.728,2021-09-16
905,26,오후 5:47:54.9,77.04518510357609,1.688,2021-09-16
906,26,오후 5:47:59.9,77.47249049518311,1.67,2021-09-16
907,26,오후 5:48:04.9,71.08489761472396,1.745,2021-09-16
908,26,오후 5:48:09.9,71.47081535284565,1.754,2021-09-16
909,26,오후 5:48:14.9,73.84317473479867,1.609,2021-09-16
910,26,오후 5:48:19.9,72.18546553761685,1.618,2021-09-16
911,26,오후 5:48:24.9,75.55671042933152,1.671,2021-09-16
912,26,오후 5:48:29.9,73.93957562396797,1.635,2021-09-16
913,26,오후 5:48:34.9,72.08489761472396,1.711,2021-09-16
914,26,오후 5:48:39.9,72.47081535284565,1.675,2021-09-16
915,26,오후 5:48:44.9,71.84317473479867,1.632,2021-09-16
916,26,오후 5:48:49.9,71.18546553761685,1.641,2021-09-16
917,26,오후 5:48:54.9,70.55671042933152,1.626,2021-09-16
918,26,오후 5:48:59.9,73.93957562396797,1.612,2021-09-16
919,26,오후 5:49:04.9,71.01093857044455,1.597,2021-09-16
920,26,오후 5:49:10.0,70.19333628680197,1.674,2021-09-16
921,26,오후 5:49:15.0,70.28386418628695,1.608,2021-09-16
922,26,오후 5:49:20.0,69.3394548018018,1.589,2021-09-16
923,26,오후 5:49:25.0,77.64111937487161,1.7276666651930728,2021-09-16
924,26,오후 5:49:30.0,69.81608582210924,1.57,2021-09-16
925,26,오후 5:49:35.0,67.01093857044455,1.619,2021-09-16
926,26,오후 5:49:40.0,67.19333628680197,1.58,2021-09-16
927,26,오후 5:49:45.0,66.28386418628695,1.517,2021-09-16
928,26,오후 5:49:50.0,68.3394548018018,1.521,2021-09-16
929,26,오후 5:49:55.0,66.49933688835523,1.5,2021-09-16
930,26,오후 5:50:00.0,66.81608582210924,1.547,2021-09-16
931,26,오후 5:50:05.0,71.68126845145488,1.634279277885339,2021-09-16
932,26,오후 5:50:10.0,67.19333628680197,1.512,2021-09-16
933,26,오후 5:50:15.0,67.28386418628695,1.494,2021-09-16
934,26,오후 5:50:20.0,65.3394548018018,1.521,2021-09-16
935,26,오후 5:50:25.0,65.49933688835523,1.523,2021-09-16
936,26,오후 5:50:30.1,65.81608582210924,1.478,2021-09-16
937,27,오후 5:50:55.5,75.08489761472396,1.482,2021-09-16
938,27,오후 5:51:00.5,76.47081535284565,1.489,2021-09-16
939,27,오후 5:51:05.5,74.84317473479867,1.7,2021-09-16
940,27,오후 5:51:10.5,75.18546553761685,1.732,2021-09-16
941,27,오후 5:51:15.5,75.55671042933152,1.695,2021-09-16
942,27,오후 5:51:20.6,76.93957562396797,1.702,2021-09-16
943,27,오후 5:51:25.6,71.00784572726687,1.711,2021-09-16
944,27,오후 5:51:30.6,73.11937724252256,1.742,2021-09-16
945,27,오후 5:51:35.6,74.12181233844662,1.607,2021-09-16
946,27,오후 5:51:40.6,74.06197573575812,1.655,2021-09-16
947,27,오후 5:51:45.6,72.0864964282445,1.678,2021-09-16
948,27,오후 5:51:50.6,72.25677527359753,1.677,2021-09-16
949,27,오후 5:51:55.6,69.01093857044455,1.632,2021-09-16
950,27,오후 5:52:00.6,71.19333628680197,1.636,2021-09-16
951,27,오후 5:52:05.6,72.28386418628695,1.562,2021-09-16
952,27,오후 5:52:10.6,71.3394548018018,1.612,2021-09-16
953,27,오후 5:52:15.6,69.49933688835523,1.636,2021-09-16
954,27,오후 5:52:20.6,72.81608582210924,1.615,2021-09-16
955,27,오후 5:52:25.6,68.04198315231801,1.573,2021-09-16
956,27,오후 5:52:30.6,71.31247367223635,1.648,2021-09-16
957,27,오후 5:52:35.6,71.53366359223965,1.54,2021-09-16
958,27,오후 5:52:40.6,71.74042366970423,1.614,2021-09-16
959,27,오후 5:52:45.6,69.04518510357609,1.62,2021-09-16
960,27,오후 5:52:50.6,72.47249049518311,1.624,2021-09-16
961,27,오후 5:52:55.6,75.91693845849821,1.7923103147768698,2021-09-16
962,27,오후 5:53:00.6,69.87178422074807,1.641,2021-09-16
963,27,오후 5:53:05.6,68.49957940787253,1.498,2021-09-16
964,27,오후 5:53:10.6,70.86391347156295,1.582,2021-09-16
965,27,오후 5:53:15.6,69.9081485396546,1.55,2021-09-16
966,27,오후 5:53:20.7,67.66209655792429,1.604,2021-09-16
967,27,오후 5:53:25.7,67.08489761472396,1.582,2021-09-16
968,27,오후 5:53:30.7,74.9260395962376,1.7521053618107092,2021-09-16
969,27,오후 5:53:35.7,65.84317473479867,1.518,2021-09-16
970,27,오후 5:53:40.7,67.18546553761685,1.482,2021-09-16
971,27,오후 5:53:45.7,68.55671042933152,1.49,2021-09-16
972,27,오후 5:53:50.7,65.93957562396797,1.521,2021-09-16
973,28,오후 5:54:16.9,74.01093857044455,1.551,2021-09-16
974,28,오후 5:54:21.9,75.19333628680197,1.492,2021-09-16
975,28,오후 5:54:26.9,75.28386418628695,1.675,2021-09-16
976,28,오후 5:54:31.9,74.3394548018018,1.703,2021-09-16
977,28,오후 5:54:36.9,76.49933688835523,1.705,2021-09-16
978,28,오후 5:54:41.9,75.81608582210924,1.684,2021-09-16
979,28,오후 5:54:46.9,72.04198315231801,1.732,2021-09-16
980,28,오후 5:54:51.9,74.31247367223635,1.717,2021-09-16
981,28,오후 5:54:56.9,74.53366359223965,1.631,2021-09-16
982,28,오후 5:55:01.9,74.74042366970423,1.683,2021-09-16
983,28,오후 5:55:06.9,73.04518510357609,1.687,2021-09-16
984,28,오후 5:55:11.9,75.47249049518311,1.692,2021-09-16
985,28,오후 5:55:16.9,72.04198315231801,1.653,2021-09-16
986,28,오후 5:55:21.9,71.31247367223635,1.709,2021-09-16
987,28,오후 5:55:26.9,72.53366359223965,1.631,2021-09-16
988,28,오후 5:55:31.9,69.74042366970423,1.615,2021-09-16
989,28,오후 5:55:36.9,70.04518510357609,1.643,2021-09-16
990,28,오후 5:55:41.9,70.47249049518311,1.579,2021-09-16
991,28,오후 5:55:46.9,70.13914228339809,1.585,2021-09-16
992,28,오후 5:55:51.9,69.66042141558682,1.595,2021-09-16
993,28,오후 5:55:56.9,70.1776601448583,1.587,2021-09-16
994,28,오후 5:56:02.0,70.58643440551927,1.577,2021-09-16
995,28,오후 5:56:07.0,71.87710395778115,1.589,2021-09-16
996,28,오후 5:56:12.0,70.01353466824737,1.598,2021-09-16
997,28,오후 5:56:17.0,68.01093857044455,1.627,2021-09-16
998,28,오후 5:56:22.0,66.19333628680197,1.584,2021-09-16
999,28,오후 5:56:27.0,68.28386418628695,1.539,2021-09-16
1000,28,오후 5:56:32.0,67.3394548018018,1.498,2021-09-16
1001,28,오후 5:56:37.0,69.49933688835523,1.545,2021-09-16
1002,28,오후 5:56:42.0,68.81608582210924,1.524,2021-09-16
1003,28,오후 5:56:47.0,66.08489761472396,1.573,2021-09-16
1004,28,오후 5:56:52.0,65.47081535284565,1.558,2021-09-16
1005,28,오후 5:56:57.0,64.84317473479867,1.496,2021-09-16
1006,28,오후 5:57:02.0,67.18546553761685,1.482,2021-09-16
1007,28,오후 5:57:07.0,67.55671042933152,1.467,2021-09-16
1008,28,오후 5:57:12.0,68.93957562396797,1.52,2021-09-16
1009,29,오후 5:57:39.2,74.13914228339809,1.529,2021-09-16
1010,29,오후 5:57:44.2,73.66042141558682,1.56,2021-09-16
1011,29,오후 5:57:49.2,76.1776601448583,1.679,2021-09-16
1012,29,오후 5:57:54.2,74.58643440551927,1.668,2021-09-16
1013,29,오후 5:57:59.2,77.87710395778115,1.726,2021-09-16
1014,29,오후 5:58:04.2,78.01353466824737,1.689,2021-09-16
1015,29,오후 5:58:09.2,72.08489761472396,1.764,2021-09-16
1016,29,오후 5:58:14.2,71.47081535284565,1.767,2021-09-16
1017,29,오후 5:58:19.2,71.84317473479867,1.632,2021-09-16
1018,29,오후 5:58:24.2,73.18546553761685,1.618,2021-09-16
1019,29,오후 5:58:29.2,74.55671042933152,1.627,2021-09-16
1020,29,오후 5:58:34.2,72.93957562396797,1.657,2021-09-16
1021,29,오후 5:58:39.2,72.00784572726687,1.688,2021-09-16
1022,29,오후 5:58:44.3,72.11937724252256,1.652,2021-09-16
1023,29,오후 5:58:49.3,69.12181233844662,1.631,2021-09-16
1024,29,오후 5:58:54.3,76.12105574498968,1.7731381633364223,2021-09-16
1025,29,오후 5:58:59.3,70.0864964282445,1.564,2021-09-16
1026,29,오후 5:59:04.3,71.25677527359753,1.586,2021-09-16
1027,29,오후 5:59:09.3,71.00784572726687,1.586,2021-09-16
1028,29,오후 5:59:14.3,71.11937724252256,1.613,2021-09-16
1029,29,오후 5:59:19.3,69.12181233844662,1.607,2021-09-16
1030,29,오후 5:59:24.3,71.06197573575812,1.61,2021-09-16
1031,29,오후 5:59:29.3,76.14769702908222,1.7003438882484687,2021-09-16
1032,29,오후 5:59:34.3,68.25677527359753,1.609,2021-09-16
1033,29,오후 5:59:39.3,69.08489761472396,1.586,2021-09-16
1034,29,오후 5:59:44.3,67.47081535284565,1.545,2021-09-16
1035,29,오후 5:59:49.3,69.84317473479867,1.564,2021-09-16
1036,29,오후 5:59:54.3,70.18546553761685,1.527,2021-09-16
1037,29,오후 5:59:59.3,67.55671042933152,1.581,2021-09-16
1038,29,오후 6:00:04.3,69.93957562396797,1.589,2021-09-16
1039,29,오후 6:00:09.3,65.04198315231801,1.529,2021-09-16
1040,29,오후 6:00:14.3,66.31247367223635,1.583,2021-09-16
1041,29,오후 6:00:19.3,65.53366359223965,1.472,2021-09-16
1042,29,오후 6:00:24.4,66.74042366970423,1.501,2021-09-16
1043,29,오후 6:00:29.4,66.04518510357609,1.483,2021-09-16
1044,29,오후 6:00:34.4,66.47249049518311,1.51,2021-09-16
1045,30,오후 6:01:00.0,74.04198315231801,1.495,2021-09-16
1046,30,오후 6:01:05.0,73.31247367223635,1.504,2021-09-16
1047,30,오후 6:01:10.0,74.53366359223965,1.676,2021-09-16
1048,30,오후 6:01:15.0,76.74042366970423,1.66,2021-09-16
1049,30,오후 6:01:20.0,80.44873990101736,1.8339811395293388,2021-09-16
1050,30,오후 6:01:25.0,74.47249049518311,1.737,2021-09-16
1051,30,오후 6:01:30.0,72.13914228339809,1.676,2021-09-16
1052,30,오후 6:01:35.0,71.66042141558682,1.686,2021-09-16
1053,30,오후 6:01:40.1,73.1776601448583,1.633,2021-09-16
1054,30,오후 6:01:45.1,73.58643440551927,1.623,2021-09-16
1055,30,오후 6:01:50.1,74.87710395778115,1.657,2021-09-16
1056,30,오후 6:01:55.1,74.01353466824737,1.666,2021-09-16
1057,30,오후 6:02:00.1,70.13914228339809,1.695,2021-09-16
1058,30,오후 6:02:05.1,71.66042141558682,1.676,2021-09-16
1059,30,오후 6:02:10.1,71.1776601448583,1.588,2021-09-16
1060,30,오후 6:02:15.1,73.58643440551927,1.623,2021-09-16
1061,30,오후 6:02:20.1,71.87710395778115,1.612,2021-09-16
1062,30,오후 6:02:25.1,74.01353466824737,1.666,2021-09-16
1063,30,오후 6:02:30.1,71.04198315231801,1.628,2021-09-16
1064,30,오후 6:02:35.1,68.31247367223635,1.676,2021-09-16
1065,30,오후 6:02:40.1,71.53366359223965,1.608,2021-09-16
1066,30,오후 6:02:45.1,70.74042366970423,1.546,2021-09-16
1067,30,오후 6:02:50.1,70.04518510357609,1.619,2021-09-16
1068,30,오후 6:02:55.1,69.47249049518311,1.602,2021-09-16
1069,30,오후 6:03:00.1,68.04198315231801,1.586,2021-09-16
1070,30,오후 6:03:05.1,68.31247367223635,1.572,2021-09-16
1071,30,오후 6:03:10.2,69.53366359223965,1.54,2021-09-16
1072,30,오후 6:03:15.2,68.74042366970423,1.546,2021-09-16
1073,30,오후 6:03:20.2,69.04518510357609,1.574,2021-09-16
1074,30,오후 6:03:25.2,67.47249049518311,1.556,2021-09-16
1075,30,오후 6:03:30.2,64.00784572726687,1.563,2021-09-16
1076,30,오후 6:03:35.2,65.11937724252256,1.527,2021-09-16
1077,30,오후 6:03:40.2,65.12181233844662,1.448,2021-09-16
1078,30,오후 6:03:45.2,65.06197573575812,1.473,2021-09-16
1079,30,오후 6:03:50.2,65.0864964282445,1.473,2021-09-16
1080,30,오후 6:03:55.2,64.25677527359753,1.472,2021-09-16
1081,31,오후 6:04:21.3,76.04198315231801,1.473,2021-09-16
1082,31,오후 6:04:26.3,74.31247367223635,1.454,2021-09-16
1083,31,오후 6:04:31.3,74.53366359223965,1.722,2021-09-16
1084,31,오후 6:04:36.3,74.74042366970423,1.682,2021-09-16
1085,31,오후 6:04:41.3,77.04518510357609,1.687,2021-09-16
1086,31,오후 6:04:46.3,75.47249049518311,1.692,2021-09-16
1087,31,오후 6:04:51.3,80.5076836637543,1.894895242465061,2021-09-16
1088,31,오후 6:04:56.3,72.66042141558682,1.709,2021-09-16
1089,31,오후 6:05:01.3,74.1776601448583,1.679,2021-09-16
1090,31,오후 6:05:06.3,74.58643440551927,1.645,2021-09-16
1091,31,오후 6:05:11.3,73.87710395778115,1.68,2021-09-16
1092,31,오후 6:05:16.3,76.01353466824737,1.689,2021-09-16
1093,31,오후 6:05:21.3,72.00784572726687,1.673,2021-09-16
1094,31,오후 6:05:26.4,71.11937724252256,1.721,2021-09-16
1095,31,오후 6:05:31.4,71.12181233844662,1.63,2021-09-16
1096,31,오후 6:05:36.4,71.06197573575812,1.61,2021-09-16
1097,31,오후 6:05:41.4,70.0864964282445,1.61,2021-09-16
1098,31,오후 6:05:46.4,70.25677527359753,1.609,2021-09-16
1099,31,오후 6:05:51.4,70.08489761472396,1.586,2021-09-16
1100,31,오후 6:05:56.4,68.47081535284565,1.591,2021-09-16
1101,31,오후 6:06:01.4,71.84317473479867,1.586,2021-09-16
1102,31,오후 6:06:06.4,69.18546553761685,1.55,2021-09-16
1103,31,오후 6:06:11.4,71.55671042933152,1.626,2021-09-16
1104,31,오후 6:06:16.4,72.93957562396797,1.566,2021-09-16
1105,31,오후 6:06:21.4,68.00784572726687,1.62,2021-09-16
1106,31,오후 6:06:26.4,67.11937724252256,1.651,2021-09-16
1107,31,오후 6:06:31.4,68.12181233844662,1.54,2021-09-16
1108,31,오후 6:06:36.4,69.06197573575812,1.519,2021-09-16
1109,31,오후 6:06:41.4,69.0864964282445,1.541,2021-09-16
1110,31,오후 6:06:46.4,69.25677527359753,1.563,2021-09-16
1111,31,오후 6:06:51.4,64.20403500015834,1.563,2021-09-16
1112,31,오후 6:06:56.5,64.87178422074807,1.568,2021-09-16
1113,31,오후 6:07:01.5,65.49957940787253,1.453,2021-09-16
1114,31,오후 6:07:06.5,68.86391347156295,1.468,2021-09-16
1115,31,오후 6:07:11.5,65.9081485396546,1.482,2021-09-16
1116,31,오후 6:07:16.5,67.66209655792429,1.559,2021-09-16
1117,32,오후 6:07:42.4,76.13914228339809,1.491,2021-09-16
1118,32,오후 6:07:47.4,73.66042141558682,1.532,2021-09-16
1119,32,오후 6:07:52.4,75.1776601448583,1.724,2021-09-16
1120,32,오후 6:07:57.4,75.58643440551927,1.668,2021-09-16
1121,32,오후 6:08:02.4,76.87710395778115,1.702,2021-09-16
1122,32,오후 6:08:07.4,77.01353466824737,1.712,2021-09-16
1123,32,오후 6:08:12.4,72.04198315231801,1.741,2021-09-16
1124,32,오후 6:08:17.4,73.31247367223635,1.745,2021-09-16
1125,32,오후 6:08:22.4,74.53366359223965,1.631,2021-09-16
1126,32,오후 6:08:27.4,73.74042366970423,1.66,2021-09-16
1127,32,오후 6:08:32.4,74.04518510357609,1.687,2021-09-16
1128,32,오후 6:08:37.5,72.47249049518311,1.669,2021-09-16
1129,32,오후 6:08:42.5,69.01093857044455,1.677,2021-09-16
1130,32,오후 6:08:47.5,69.19333628680197,1.641,2021-09-16
1131,32,오후 6:08:52.5,70.28386418628695,1.562,2021-09-16
1132,32,오후 6:08:57.5,71.3394548018018,1.566,2021-09-16
1133,32,오후 6:09:02.5,81.82519368255875,1.8207704968261518,2021-09-16
1134,32,오후 6:09:07.5,70.81608582210924,1.615,2021-09-16
1135,32,오후 6:09:12.5,68.00784572726687,1.619,2021-09-16
1136,32,오후 6:09:17.5,68.11937724252256,1.603,2021-09-16
1137,32,오후 6:09:22.5,70.12181233844662,1.54,2021-09-16
1138,32,오후 6:09:27.5,70.06197573575812,1.542,2021-09-16
1139,32,오후 6:09:32.5,70.0864964282445,1.587,2021-09-16
1140,32,오후 6:09:37.5,71.25677527359753,1.586,2021-09-16
1141,32,오후 6:09:42.5,66.01093857044455,1.587,2021-09-16
1142,32,오후 6:09:47.5,66.19333628680197,1.613,2021-09-16
1143,32,오후 6:09:52.5,69.28386418628695,1.494,2021-09-16
1144,32,오후 6:09:57.5,67.3394548018018,1.498,2021-09-16
1145,32,오후 6:10:02.5,66.49933688835523,1.568,2021-09-16
1146,32,오후 6:10:07.5,66.81608582210924,1.524,2021-09-16
1147,32,오후 6:10:12.5,64.13914228339809,1.505,2021-09-16
1148,32,오후 6:10:17.5,65.66042141558682,1.512,2021-09-16
1149,32,오후 6:10:22.6,67.1776601448583,1.451,2021-09-16
1150,32,오후 6:10:27.6,65.58643440551927,1.486,2021-09-16
1151,32,오후 6:10:32.6,65.87710395778115,1.52,2021-09-16
1152,32,오후 6:10:37.6,67.01353466824737,1.484,2021-09-16
1153,33,오후 6:11:04.4,73.20403500015834,1.491,2021-09-16
1154,33,오후 6:11:09.4,74.87178422074807,1.516,2021-09-16
1155,33,오후 6:11:14.4,74.49957940787253,1.658,2021-09-16
1156,33,오후 6:11:19.4,74.86391347156295,1.695,2021-09-16
1157,33,오후 6:11:24.4,77.9081485396546,1.687,2021-09-16
1158,33,오후 6:11:29.4,78.54390484489592,1.7366068068788971,2021-09-16
1159,33,오후 6:11:34.4,74.00784572726687,1.764,2021-09-16
1160,33,오후 6:11:39.4,72.11937724252256,1.736,2021-09-16
1161,33,오후 6:11:44.4,71.12181233844662,1.676,2021-09-16
1162,33,오후 6:11:49.4,74.06197573575812,1.632,2021-09-16
1163,33,오후 6:11:54.4,72.0864964282445,1.61,2021-09-16
1164,33,오후 6:11:59.4,72.25677527359753,1.677,2021-09-16
1165,33,오후 6:12:04.4,72.13914228339809,1.632,2021-09-16
1166,33,오후 6:12:09.4,71.66042141558682,1.636,2021-09-16
1167,33,오후 6:12:14.5,71.1776601448583,1.633,2021-09-16
1168,33,오후 6:12:19.5,70.58643440551927,1.622,2021-09-16
1169,33,오후 6:12:24.5,73.87710395778115,1.611,2021-09-16
1170,33,오후 6:12:29.5,74.01353466824737,1.598,2021-09-16
1171,33,오후 6:12:34.5,69.00784572726687,1.673,2021-09-16
1172,33,오후 6:12:39.5,68.11937724252256,1.676,2021-09-16
1173,33,오후 6:12:44.5,70.12181233844662,1.562,2021-09-16
1174,33,오후 6:12:49.5,71.06197573575812,1.542,2021-09-16
1175,33,오후 6:12:54.5,71.0864964282445,1.587,2021-09-16
1176,33,오후 6:12:59.5,81.71097461331175,1.8439123391946302,2021-09-16
1177,33,오후 6:13:04.5,66.01093857044455,1.609,2021-09-16
1178,33,오후 6:13:09.5,67.19333628680197,1.613,2021-09-16
1179,33,오후 6:13:14.5,66.28386418628695,1.494,2021-09-16
1180,33,오후 6:13:19.5,67.3394548018018,1.521,2021-09-16
1181,33,오후 6:13:24.5,69.49933688835523,1.5,2021-09-16
1182,33,오후 6:13:29.5,67.81608582210924,1.524,2021-09-16
1183,33,오후 6:13:34.5,64.01093857044455,1.573,2021-09-16
1184,33,오후 6:13:39.6,66.19333628680197,1.535,2021-09-16
1185,33,오후 6:13:44.6,64.28386418628695,1.448,2021-09-16
1186,33,오후 6:13:49.6,65.3394548018018,1.498,2021-09-16
1187,33,오후 6:13:54.6,64.49933688835523,1.454,2021-09-16
1188,33,오후 6:13:59.6,65.81608582210924,1.478,2021-09-16
1189,34,오후 6:14:25.9,130.96446264184078,0.9808906517800791,2021-09-16
1190,34,오후 6:14:30.9,124.86831045194452,0.8841433163027155,2021-09-16
1191,34,오후 6:14:35.9,124.14845257033107,1.245890651780079,2021-09-16
1192,34,오후 6:14:40.9,123.18491863506561,1.20703303565938,2021-09-16
1193,34,오후 6:14:45.9,123.59240398420602,1.1733482778712157,2021-09-16
1194,34,오후 6:14:50.9,134.18854402888934,1.18203303565938,2021-09-16
1195,34,오후 6:14:55.9,125.7109557094829,1.1170321646757064,2021-09-16
1196,34,오후 6:15:00.9,124.40545802205884,1.1621433163027153,2021-09-16
1197,34,오후 6:15:05.9,121.90828859823887,1.1033482778712154,2021-09-16
1198,34,오후 6:15:10.9,125.88393932324166,1.0361433163027154,2021-09-16
1199,34,오후 6:15:15.9,125.17693593733941,1.216890651780079,2021-09-16
1200,34,오후 6:15:21.0,116.70547251334295,1.2479603427385897,2021-09-16
1201,34,오후 6:15:26.0,117.4354267158547,1.145870530716711,2021-09-16
1202,34,오후 6:15:31.0,120.18418384905038,1.19003303565938,2021-09-16
1203,34,오후 6:15:36.0,124.45483521510914,1.1380710462139172,2021-09-16
1204,34,오후 6:15:41.0,111.97873284119575,0.9771433163027154,2021-09-16
1205,34,오후 6:15:46.0,127.1270028538234,1.0893482778712156,2021-09-16
1206,34,오후 6:15:51.0,119.8744329811476,1.0983482778712155,2021-09-16
1207,34,오후 6:15:56.0,112.463644143979,1.1450330356593799,2021-09-16
1208,34,오후 6:16:01.0,106.22405398813719,1.2129603427385898,2021-09-16
1209,34,오후 6:16:06.0,112.58904872551739,1.083890651780079,2021-09-16
1210,34,오후 6:16:11.0,117.07119112791969,1.0360330356593799,2021-09-16
1211,34,오후 6:16:16.0,114.16037419162606,1.1549603427385897,2021-09-16
1212,34,오후 6:16:21.0,119.19642240836751,1.0890710462139173,2021-09-16
1213,34,오후 6:16:26.0,114.33237084200348,1.1769603427385897,2021-09-16
1214,34,오후 6:16:31.0,107.81900115709249,1.0081433163027154,2021-09-16
1215,34,오후 6:16:36.0,112.8530068419976,1.1529603427385897,2021-09-16
1216,34,오후 6:16:41.0,119.03007564657244,1.019890651780079,2021-09-16
1217,34,오후 6:16:46.0,117.58790539767992,1.1599603427385896,2021-09-16
1218,34,오후 6:16:51.1,113.78085127385368,0.9680321646757065,2021-09-16
1219,34,오후 6:16:56.1,101.74369718949004,1.071890651780079,2021-09-16
1220,34,오후 6:17:01.1,113.30391392668236,1.05103303565938,2021-09-16
1221,34,오후 6:17:06.1,106.6889754184299,0.9328705307167108,2021-09-16
1222,34,오후 6:17:11.1,110.17538783478302,0.8890321646757066,2021-09-16
1223,34,오후 6:17:16.1,102.82579308816685,0.9537661859564605,2021-09-16
1224,34,오후 6:17:21.1,114.43404651405848,0.9617661859564605,2021-09-16
1225,35,오후 6:17:46.5,127.04927723898,1.0630710462139172,2021-09-16
1226,35,오후 6:17:51.5,124.10862290598888,1.0570710462139172,2021-09-16
1227,35,오후 6:17:56.5,131.2133940807293,1.2240710462139173,2021-09-16
1228,35,오후 6:18:01.5,127.61321752350275,1.2709603427385896,2021-09-16
1229,35,오후 6:18:06.5,122.94771932691461,1.19803303565938,2021-09-16
1230,35,오후 6:18:11.5,116.5156908934421,1.117870530716711,2021-09-16
1231,35,오후 6:18:16.5,125.91588005189135,1.185890651780079,2021-09-16
1232,35,오후 6:18:21.5,122.38547110420242,1.1887661859564607,2021-09-16
1233,35,오후 6:18:26.5,121.41364650791456,1.0521433163027154,2021-09-16
1234,35,오후 6:18:31.5,123.55757325652863,1.1078705307167107,2021-09-16
1235,35,오후 6:18:36.5,122.44571689828612,1.121870530716711,2021-09-16
1236,35,오후 6:18:41.5,123.219979336584,1.1213482778712156,2021-09-16
1237,35,오후 6:18:46.5,117.3268759198289,1.2230710462139172,2021-09-16
1238,35,오후 6:18:51.5,119.87163084797663,1.1390330356593799,2021-09-16
1239,35,오후 6:18:56.6,115.9998396873512,0.9831433163027155,2021-09-16
1240,35,오후 6:19:01.6,108.47865704596066,1.09303303565938,2021-09-16
1241,35,오후 6:19:06.6,126.8195329452732,1.08203303565938,2021-09-16
1242,35,오후 6:19:11.6,120.62152842251173,1.0463482778712154,2021-09-16
1243,35,오후 6:19:16.6,120.42353872074622,1.1203482778712153,2021-09-16
1244,35,오후 6:19:21.6,117.29714014000285,1.1108705307167108,2021-09-16
1245,35,오후 6:19:26.6,117.56896283720971,0.9820321646757065,2021-09-16
1246,35,오후 6:19:31.6,114.87663295999823,0.9778705307167107,2021-09-16
1247,35,오후 6:19:36.6,105.27116345752958,1.0627661859564603,2021-09-16
1248,35,오후 6:19:41.6,118.36831136423868,1.1190710462139173,2021-09-16
1249,35,오후 6:19:46.6,116.74419772430419,1.071890651780079,2021-09-16
1250,35,오후 6:19:51.6,115.62104031187761,0.9550321646757064,2021-09-16
1251,35,오후 6:19:56.6,118.656464418288,1.0880710462139171,2021-09-16
1252,35,오후 6:20:01.6,106.13583819400247,1.0133482778712155,2021-09-16
1253,35,오후 6:20:06.6,110.96210039043137,1.0367661859564605,2021-09-16
1254,35,오후 6:20:11.6,118.88814562239344,0.9591433163027154,2021-09-16
1255,35,오후 6:20:16.6,115.25295674276344,0.9361433163027153,2021-09-16
1256,35,오후 6:20:21.6,102.44508104400344,0.9621433163027153,2021-09-16
1257,35,오후 6:20:26.7,109.48094938096727,1.1109603427385897,2021-09-16
1258,35,오후 6:20:31.7,102.33137631364599,0.9573482778712153,2021-09-16
1259,35,오후 6:20:36.7,108.93275597659667,0.99103303565938,2021-09-16
1260,35,오후 6:20:41.7,109.154981109137,0.9021433163027153,2021-09-16
1261,36,오후 6:21:08.2,119.10810765092106,1.0348906517800789,2021-09-16
1262,36,오후 6:21:13.2,122.99649165463877,1.0388906517800789,2021-09-16
1263,36,오후 6:21:18.2,126.76128907834666,1.2030710462139171,2021-09-16
1264,36,오후 6:21:23.2,122.46582889663406,1.1807661859564607,2021-09-16
1265,36,오후 6:21:28.2,133.13604982459077,1.1068705307167108,2021-09-16
1266,36,오후 6:21:33.2,132.07665870626533,1.2939603427385897,2021-09-16
1267,36,오후 6:21:38.2,127.43102319007491,1.2277661859564604,2021-09-16
1268,36,오후 6:21:43.2,119.67292132275315,1.1903482778712156,2021-09-16
1269,36,오후 6:21:48.2,123.57510856381637,1.2260710462139173,2021-09-16
1270,36,오후 6:21:53.2,125.76823010558167,1.0610321646757064,2021-09-16
1271,36,오후 6:21:58.2,120.20675121545091,1.09803303565938,2021-09-16
1272,36,오후 6:22:03.2,125.81123951764773,1.2510710462139172,2021-09-16
1273,36,오후 6:22:08.2,112.45901897336414,1.11403303565938,2021-09-16
1274,36,오후 6:22:13.2,117.61682001793419,1.1141433163027155,2021-09-16
1275,36,오후 6:22:18.2,116.8551123883246,1.1539603427385896,2021-09-16
1276,36,오후 6:22:23.2,119.95823483696722,1.1410710462139173,2021-09-16
1277,36,오후 6:22:28.2,118.84248004728681,0.9940321646757065,2021-09-16
1278,36,오후 6:22:33.2,121.21743917709367,1.1699603427385896,2021-09-16
1279,36,오후 6:22:38.2,104.56829300518115,1.08003303565938,2021-09-16
1280,36,오후 6:22:43.2,118.14538904194205,1.06603303565938,2021-09-16
1281,36,오후 6:22:48.3,117.64683159160137,0.9748705307167108,2021-09-16
1282,36,오후 6:22:53.3,108.71531085513755,1.2059603427385897,2021-09-16
1283,36,오후 6:22:58.3,122.2025125493008,1.0227661859564603,2021-09-16
1284,36,오후 6:23:03.3,115.09703695023475,1.122890651780079,2021-09-16
1285,36,오후 6:23:08.3,115.31673505469932,1.07903303565938,2021-09-16
1286,36,오후 6:23:13.3,111.51847607942403,0.9671433163027154,2021-09-16
1287,36,오후 6:23:18.3,106.8607376119564,0.9518705307167107,2021-09-16
1288,36,오후 6:23:23.3,111.64159058423022,0.99503303565938,2021-09-16
1289,36,오후 6:23:28.3,118.52492393258188,1.04503303565938,2021-09-16
1290,36,오후 6:23:33.3,111.53140098486239,0.9061433163027153,2021-09-16
1291,36,오후 6:23:38.3,110.41615385153301,1.0113482778712153,2021-09-16
1292,36,오후 6:23:43.3,110.28965567067416,0.9451433163027154,2021-09-16
1293,36,오후 6:23:48.3,106.23241734144997,1.0849603427385897,2021-09-16
1294,36,오후 6:23:53.3,106.13328435195263,0.9227661859564605,2021-09-16
1295,36,오후 6:23:58.3,109.27382485575627,0.8858705307167108,2021-09-16
1296,36,오후 6:24:03.3,110.30500374546313,0.8973482778712155,2021-09-16
1297,37,오후 6:24:29.5,76.13914228339809,1.518,2021-09-16
1298,37,오후 6:24:34.5,74.66042141558682,1.454,2021-09-16
1299,37,오후 6:24:39.5,76.1776601448583,1.724,2021-09-16
1300,37,오후 6:24:44.5,75.58643440551927,1.69,2021-09-16
1301,37,오후 6:24:49.5,75.87710395778115,1.725,2021-09-16
1302,37,오후 6:24:54.5,78.01353466824737,1.712,2021-09-16
1303,37,오후 6:24:59.5,74.04198315231801,1.718,2021-09-16
1304,37,오후 6:25:04.5,71.31247367223635,1.767,2021-09-16
1305,37,오후 6:25:09.5,73.53366359223965,1.677,2021-09-16
1306,37,오후 6:25:14.5,74.74042366970423,1.614,2021-09-16
1307,37,오후 6:25:19.6,72.04518510357609,1.665,2021-09-16
1308,37,오후 6:25:24.6,73.47249049518311,1.692,2021-09-16
1309,37,오후 6:25:29.6,70.04198315231801,1.631,2021-09-16
1310,37,오후 6:25:34.6,70.31247367223635,1.664,2021-09-16
1311,37,오후 6:25:39.6,72.53366359223965,1.586,2021-09-16
1312,37,오후 6:25:44.6,71.74042366970423,1.592,2021-09-16
1313,37,오후 6:25:49.6,71.04518510357609,1.642,2021-09-16
1314,37,오후 6:25:54.6,71.47249049518311,1.624,2021-09-16
1315,37,오후 6:25:59.6,71.08489761472396,1.608,2021-09-16
1316,37,오후 6:26:04.6,68.47081535284565,1.618,2021-09-16
1317,37,오후 6:26:09.6,68.84317473479867,1.61,2021-09-16
1318,37,오후 6:26:14.6,72.18546553761685,1.55,2021-09-16
1319,37,오후 6:26:19.6,69.55671042933152,1.558,2021-09-16
1320,37,오후 6:26:24.6,69.93957562396797,1.634,2021-09-16
1321,37,오후 6:26:29.6,66.20403500015834,1.574,2021-09-16
1322,37,오후 6:26:34.6,67.87178422074807,1.583,2021-09-16
1323,37,오후 6:26:39.6,67.49957940787253,1.498,2021-09-16
1324,37,오후 6:26:44.6,69.86391347156295,1.536,2021-09-16
1325,37,오후 6:26:49.6,69.9081485396546,1.528,2021-09-16
1326,37,오후 6:26:54.7,67.66209655792429,1.582,2021-09-16
1327,37,오후 6:26:59.7,64.13914228339809,1.582,2021-09-16
1328,37,오후 6:27:04.7,67.66042141558682,1.531,2021-09-16
1329,37,오후 6:27:09.7,67.1776601448583,1.451,2021-09-16
1330,37,오후 6:27:14.7,67.58643440551927,1.531,2021-09-16
1331,37,오후 6:27:19.7,68.87710395778115,1.52,2021-09-16
1332,37,오후 6:27:24.7,66.01353466824737,1.529,2021-09-16
1333,38,오후 6:27:52.0,73.01093857044455,1.559,2021-09-16
1334,38,오후 6:27:57.0,73.19333628680197,1.494,2021-09-16
1335,38,오후 6:28:02.0,74.28386418628695,1.653,2021-09-16
1336,38,오후 6:28:07.0,76.3394548018018,1.658,2021-09-16
1337,38,오후 6:28:12.0,73.49933688835523,1.682,2021-09-16
1338,38,오후 6:28:17.0,76.81608582210924,1.729,2021-09-16
1339,38,오후 6:28:22.0,74.01093857044455,1.664,2021-09-16
1340,38,오후 6:28:27.0,73.19333628680197,1.74,2021-09-16
1341,38,오후 6:28:32.0,74.28386418628695,1.676,2021-09-16
1342,38,오후 6:28:37.0,73.3394548018018,1.657,2021-09-16
1343,38,오후 6:28:42.0,74.49933688835523,1.682,2021-09-16
1344,38,오후 6:28:47.0,72.81608582210924,1.66,2021-09-16
1345,38,오후 6:28:52.0,70.01093857044455,1.686,2021-09-16
1346,38,오후 6:28:57.0,70.19333628680197,1.649,2021-09-16
1347,38,오후 6:29:02.0,70.28386418628695,1.585,2021-09-16
1348,38,오후 6:29:07.0,80.65907253810033,1.8221248177737979,2021-09-16
1349,38,오후 6:29:12.0,70.49933688835523,1.591,2021-09-16
1350,38,오후 6:29:17.0,72.81608582210924,1.592,2021-09-16
1351,38,오후 6:29:22.1,68.04198315231801,1.596,2021-09-16
1352,38,오후 6:29:27.1,69.31247367223635,1.649,2021-09-16
1353,38,오후 6:29:32.1,71.53366359223965,1.54,2021-09-16
1354,38,오후 6:29:37.1,71.74042366970423,1.569,2021-09-16
1355,38,오후 6:29:42.1,71.04518510357609,1.62,2021-09-16
1356,38,오후 6:29:47.1,69.47249049518311,1.624,2021-09-16
1357,38,오후 6:29:52.1,69.20403500015834,1.608,2021-09-16
1358,38,오후 6:29:57.1,67.87178422074807,1.573,2021-09-16
1359,38,오후 6:30:02.1,67.49957940787253,1.566,2021-09-16
1360,38,오후 6:30:07.1,68.86391347156295,1.536,2021-09-16
1361,38,오후 6:30:12.1,69.9081485396546,1.528,2021-09-16
1362,38,오후 6:30:17.1,68.66209655792429,1.559,2021-09-16
1363,38,오후 6:30:22.1,65.08489761472396,1.583,2021-09-16
1364,38,오후 6:30:27.1,64.47081535284565,1.554,2021-09-16
1365,38,오후 6:30:32.1,67.84317473479867,1.473,2021-09-16
1366,38,오후 6:30:37.1,67.18546553761685,1.459,2021-09-16
1367,38,오후 6:30:42.1,65.55671042933152,1.535,2021-09-16
1368,38,오후 6:30:47.1,68.93957562396797,1.521,2021-09-16
1369,39,오후 6:31:12.7,75.01093857044455,1.483,2021-09-16
1370,39,오후 6:31:17.8,74.19333628680197,1.561,2021-09-16
1371,39,오후 6:31:22.8,74.28386418628695,1.699,2021-09-16
1372,39,오후 6:31:27.8,73.3394548018018,1.68,2021-09-16
1373,39,오후 6:31:32.8,76.49933688835523,1.682,2021-09-16
1374,39,오후 6:31:37.8,74.81608582210924,1.661,2021-09-16
1375,39,오후 6:31:42.8,73.01093857044455,1.732,2021-09-16
1376,39,오후 6:31:47.8,72.19333628680197,1.694,2021-09-16
1377,39,오후 6:31:52.8,71.28386418628695,1.653,2021-09-16
1378,39,오후 6:31:57.8,71.3394548018018,1.634,2021-09-16
1379,39,오후 6:32:02.8,73.49933688835523,1.614,2021-09-16
1380,39,오후 6:32:07.8,71.81608582210924,1.615,2021-09-16
1381,39,오후 6:32:12.8,71.04198315231801,1.664,2021-09-16
1382,39,오후 6:32:17.8,71.31247367223635,1.625,2021-09-16
1383,39,오후 6:32:22.8,71.53366359223965,1.608,2021-09-16
1384,39,오후 6:32:27.8,71.74042366970423,1.615,2021-09-16
1385,39,오후 6:32:32.8,72.04518510357609,1.62,2021-09-16
1386,39,오후 6:32:37.8,71.47249049518311,1.624,2021-09-16
1387,39,오후 6:32:42.8,68.01093857044455,1.631,2021-09-16
1388,39,오후 6:32:47.8,70.19333628680197,1.618,2021-09-16
1389,39,오후 6:32:52.8,68.28386418628695,1.54,2021-09-16
1390,39,오후 6:32:57.9,70.3394548018018,1.589,2021-09-16
1391,39,오후 6:33:02.9,68.49933688835523,1.546,2021-09-16
1392,39,오후 6:33:07.9,71.81608582210924,1.592,2021-09-16
1393,39,오후 6:33:12.9,69.08489761472396,1.55,2021-09-16
1394,39,오후 6:33:17.9,69.47081535284565,1.626,2021-09-16
1395,39,오후 6:33:22.9,68.84317473479867,1.564,2021-09-16
1396,39,오후 6:33:27.9,69.18546553761685,1.572,2021-09-16
1397,39,오후 6:33:32.9,69.55671042933152,1.558,2021-09-16
1398,39,오후 6:33:37.9,67.93957562396797,1.566,2021-09-16
1399,39,오후 6:33:42.9,64.13914228339809,1.575,2021-09-16
1400,39,오후 6:33:47.9,70.21474207231026,1.6690280731626352,2021-09-16
1401,39,오후 6:33:52.9,65.1776601448583,1.451,2021-09-16
1402,39,오후 6:33:57.9,67.58643440551927,1.463,2021-09-16
1403,39,오후 6:34:02.9,67.87710395778115,1.475,2021-09-16
1404,39,오후 6:34:07.9,67.01353466824737,1.53,2021-09-16
1405,40,오후 6:34:33.4,74.01093857044455,1.536,2021-09-16
1406,40,오후 6:34:38.5,73.19333628680197,1.517,2021-09-16
1407,40,오후 6:34:43.5,73.28386418628695,1.676,2021-09-16
1408,40,오후 6:34:48.5,75.3394548018018,1.657,2021-09-16
1409,40,오후 6:34:53.5,76.49933688835523,1.659,2021-09-16
1410,40,오후 6:34:58.5,73.81608582210924,1.706,2021-09-16
1411,40,오후 6:35:03.5,72.01093857044455,1.733,2021-09-16
1412,40,오후 6:35:08.5,74.19333628680197,1.672,2021-09-16
1413,40,오후 6:35:13.5,74.28386418628695,1.63,2021-09-16
1414,40,오후 6:35:18.5,73.3394548018018,1.68,2021-09-16
1415,40,오후 6:35:23.5,73.49933688835523,1.682,2021-09-16
1416,40,오후 6:35:28.5,74.81608582210924,1.661,2021-09-16
1417,40,오후 6:35:33.5,72.13914228339809,1.664,2021-09-16
1418,40,오후 6:35:38.5,72.66042141558682,1.694,2021-09-16
1419,40,오후 6:35:43.5,71.1776601448583,1.633,2021-09-16
1420,40,오후 6:35:48.5,71.58643440551927,1.645,2021-09-16
1421,40,오후 6:35:53.5,71.87710395778115,1.611,2021-09-16
1422,40,오후 6:35:58.5,71.01353466824737,1.621,2021-09-16
1423,40,오후 6:36:03.5,68.08489761472396,1.627,2021-09-16
1424,40,오후 6:36:08.5,69.47081535284565,1.608,2021-09-16
1425,40,오후 6:36:13.6,68.84317473479867,1.541,2021-09-16
1426,40,오후 6:36:18.6,72.18546553761685,1.573,2021-09-16
1427,40,오후 6:36:23.6,69.55671042933152,1.558,2021-09-16
1428,40,오후 6:36:28.6,72.93957562396797,1.634,2021-09-16
1429,40,오후 6:36:33.6,67.08489761472396,1.574,2021-09-16
1430,40,오후 6:36:38.6,66.47081535284565,1.651,2021-09-16
1431,40,오후 6:36:43.6,68.84317473479867,1.518,2021-09-16
1432,40,오후 6:36:48.6,68.18546553761685,1.504,2021-09-16
1433,40,오후 6:36:53.6,67.55671042933152,1.558,2021-09-16
1434,40,오후 6:36:58.6,67.93957562396797,1.543,2021-09-16
1435,40,오후 6:37:03.6,65.20403500015834,1.529,2021-09-16
1436,40,오후 6:37:08.6,67.87178422074807,1.538,2021-09-16
1437,40,오후 6:37:13.6,67.49957940787253,1.475,2021-09-16
1438,40,오후 6:37:18.6,66.86391347156295,1.536,2021-09-16
1439,40,오후 6:37:23.6,67.9081485396546,1.528,2021-09-16
1440,40,오후 6:37:28.6,66.66209655792429,1.513,2021-09-16
1441,41,오후 6:37:54.9,76.08489761472396,1.537,2021-09-16
1442,41,오후 6:37:59.9,73.47081535284565,1.509,2021-09-16
1443,41,오후 6:38:04.9,75.84317473479867,1.723,2021-09-16
1444,41,오후 6:38:09.9,74.18546553761685,1.663,2021-09-16
1445,41,오후 6:38:14.9,74.55671042933152,1.717,2021-09-16
1446,41,오후 6:38:19.9,74.93957562396797,1.679,2021-09-16
1447,41,오후 6:38:24.9,71.08489761472396,1.688,2021-09-16
1448,41,오후 6:38:29.9,71.47081535284565,1.697,2021-09-16
1449,41,오후 6:38:34.9,71.84317473479867,1.609,2021-09-16
1450,41,오후 6:38:39.9,74.18546553761685,1.618,2021-09-16
1451,41,오후 6:38:44.9,75.55671042933152,1.626,2021-09-16
1452,41,오후 6:38:49.9,75.93957562396797,1.68,2021-09-16
1453,41,오후 6:38:54.9,70.00784572726687,1.711,2021-09-16
1454,41,오후 6:38:59.9,70.11937724252256,1.72,2021-09-16
1455,41,오후 6:39:04.9,71.12181233844662,1.585,2021-09-16
1456,41,오후 6:39:09.9,70.06197573575812,1.587,2021-09-16
1457,41,오후 6:39:14.9,72.0864964282445,1.61,2021-09-16
1458,41,오후 6:39:20.0,72.25677527359753,1.586,2021-09-16
1459,41,오후 6:39:25.0,68.20403500015834,1.632,2021-09-16
1460,41,오후 6:39:30.0,68.87178422074807,1.636,2021-09-16
1461,41,오후 6:39:35.0,71.49957940787253,1.543,2021-09-16
1462,41,오후 6:39:40.0,69.86391347156295,1.559,2021-09-16
1463,41,오후 6:39:45.0,70.9081485396546,1.618,2021-09-16
1464,41,오후 6:39:50.0,70.66209655792429,1.581,2021-09-16
1465,41,오후 6:39:55.0,66.04198315231801,1.605,2021-09-16
1466,41,오후 6:40:00.0,69.31247367223635,1.6,2021-09-16
1467,41,오후 6:40:05.0,66.53366359223965,1.495,2021-09-16
1468,41,오후 6:40:10.0,66.74042366970423,1.569,2021-09-16
1469,41,오후 6:40:15.0,69.04518510357609,1.506,2021-09-16
1470,41,오후 6:40:20.0,70.47249049518311,1.51,2021-09-16
1471,41,오후 6:40:25.0,65.04198315231801,1.563,2021-09-16
1472,41,오후 6:40:30.0,67.31247367223635,1.595,2021-09-16
1473,41,오후 6:40:35.0,67.53366359223965,1.472,2021-09-16
1474,41,오후 6:40:40.0,67.74042366970423,1.523,2021-09-16
1475,41,오후 6:40:45.0,65.04518510357609,1.529,2021-09-16
1476,41,오후 6:40:50.0,68.47249049518311,1.533,2021-09-16
1477,42,오후 6:41:15.2,76.08489761472396,1.472,2021-09-16
1478,42,오후 6:41:20.2,75.47081535284565,1.55,2021-09-16
1479,42,오후 6:41:25.2,76.84317473479867,1.723,2021-09-16
1480,42,오후 6:41:30.2,75.18546553761685,1.709,2021-09-16
1481,42,오후 6:41:35.2,84.21882040904336,1.8894657432029833,2021-09-16
1482,42,오후 6:41:40.2,74.93957562396797,1.702,2021-09-16
1483,42,오후 6:41:45.2,73.01093857044455,1.757,2021-09-16
1484,42,오후 6:41:50.2,71.19333628680197,1.696,2021-09-16
1485,42,오후 6:41:55.2,74.28386418628695,1.653,2021-09-16
1486,42,오후 6:42:00.2,73.3394548018018,1.612,2021-09-16
1487,42,오후 6:42:05.3,71.49933688835523,1.682,2021-09-16
1488,42,오후 6:42:10.3,72.81608582210924,1.66,2021-09-16
1489,42,오후 6:42:15.3,69.04198315231801,1.619,2021-09-16
1490,42,오후 6:42:20.3,70.31247367223635,1.649,2021-09-16
1491,42,오후 6:42:25.3,69.53366359223965,1.563,2021-09-16
1492,42,오후 6:42:30.3,69.74042366970423,1.592,2021-09-16
1493,42,오후 6:42:35.3,73.04518510357609,1.574,2021-09-16
1494,42,오후 6:42:40.3,71.47249049518311,1.579,2021-09-16
1495,42,오후 6:42:45.3,70.01093857044455,1.654,2021-09-16
1496,42,오후 6:42:50.3,71.19333628680197,1.618,2021-09-16
1497,42,오후 6:42:55.3,71.28386418628695,1.585,2021-09-16
1498,42,오후 6:43:00.3,68.3394548018018,1.611,2021-09-16
1499,42,오후 6:43:05.3,81.9891228437015,1.8507926091169982,2021-09-16
1500,42,오후 6:43:10.3,70.81608582210924,1.546,2021-09-16
1501,42,오후 6:43:15.3,68.08489761472396,1.618,2021-09-16
1502,42,오후 6:43:20.3,69.47081535284565,1.603,2021-09-16
1503,42,오후 6:43:25.3,69.84317473479867,1.541,2021-09-16
1504,42,오후 6:43:30.3,69.18546553761685,1.573,2021-09-16
1505,42,오후 6:43:35.3,67.55671042933152,1.581,2021-09-16
1506,42,오후 6:43:40.3,68.93957562396797,1.566,2021-09-16
1507,42,오후 6:43:45.3,64.08489761472396,1.529,2021-09-16
1508,42,오후 6:43:50.3,67.47081535284565,1.56,2021-09-16
1509,42,오후 6:43:55.3,67.84317473479867,1.45,2021-09-16
1510,42,오후 6:44:00.3,65.18546553761685,1.527,2021-09-16
1511,42,오후 6:44:05.4,67.55671042933152,1.536,2021-09-16
1512,42,오후 6:44:10.4,68.93957562396797,1.475,2021-09-16
1513,43,오후 6:44:36.4,73.04198315231801,1.529,2021-09-16
1514,43,오후 6:44:41.5,74.31247367223635,1.56,2021-09-16
1515,43,오후 6:44:46.5,73.53366359223965,1.654,2021-09-16
1516,43,오후 6:44:51.5,75.74042366970423,1.683,2021-09-16
1517,43,오후 6:44:56.5,74.04518510357609,1.665,2021-09-16
1518,43,오후 6:45:01.5,74.47249049518311,1.715,2021-09-16
1519,43,오후 6:45:06.5,74.01093857044455,1.677,2021-09-16
1520,43,오후 6:45:11.5,73.19333628680197,1.687,2021-09-16
1521,43,오후 6:45:16.5,74.28386418628695,1.676,2021-09-16
1522,43,오후 6:45:21.5,74.3394548018018,1.657,2021-09-16
1523,43,오후 6:45:26.5,73.49933688835523,1.682,2021-09-16
1524,43,오후 6:45:31.5,72.81608582210924,1.683,2021-09-16
1525,43,오후 6:45:36.5,70.01093857044455,1.664,2021-09-16
1526,43,오후 6:45:41.5,71.19333628680197,1.649,2021-09-16
1527,43,오후 6:45:46.5,69.28386418628695,1.585,2021-09-16
1528,43,오후 6:45:51.5,70.3394548018018,1.612,2021-09-16
1529,43,오후 6:45:56.5,69.49933688835523,1.568,2021-09-16
1530,43,오후 6:46:01.5,72.81608582210924,1.592,2021-09-16
1531,43,오후 6:46:06.5,69.01093857044455,1.573,2021-09-16
1532,43,오후 6:46:11.5,71.19333628680197,1.649,2021-09-16
1533,43,오후 6:46:16.5,68.28386418628695,1.562,2021-09-16
1534,43,오후 6:46:21.5,69.3394548018018,1.612,2021-09-16
1535,43,오후 6:46:26.5,69.49933688835523,1.546,2021-09-16
1536,43,오후 6:46:31.6,71.81608582210924,1.57,2021-09-16
1537,43,오후 6:46:36.6,67.20403500015834,1.574,2021-09-16
1538,43,오후 6:46:41.6,68.87178422074807,1.626,2021-09-16
1539,43,오후 6:46:46.6,75.46958302194864,1.651653675523987,2021-09-16
1540,43,오후 6:46:51.6,67.86391347156295,1.559,2021-09-16
1541,43,오후 6:46:56.6,68.9081485396546,1.573,2021-09-16
1542,43,오후 6:47:01.6,70.66209655792429,1.536,2021-09-16
1543,43,오후 6:47:06.6,67.01093857044455,1.56,2021-09-16
1544,43,오후 6:47:11.6,65.19333628680197,1.6,2021-09-16
1545,43,오후 6:47:16.6,65.28386418628695,1.517,2021-09-16
1546,43,오후 6:47:21.6,65.3394548018018,1.475,2021-09-16
1547,43,오후 6:47:26.6,64.49933688835523,1.477,2021-09-16
1548,43,오후 6:47:31.6,67.81608582210924,1.478,2021-09-16
